object={
	name="reeds_01_generator_1_0"
	render_pass=Map
	clamp_to_water_level=no
	generated_content=yes
	layer="grass_layer"
	pdxmesh="reeds_06_grass_mesh"
	count=230
	transform="57.928833 0.000000 2436.414307 0.000000 0.497433 0.000000 0.867502 0.955430 0.955430 0.955430
54.115318 0.000000 2436.652588 0.000000 0.533983 0.000000 0.845495 0.982393 0.982393 0.982393
56.220123 0.000000 2438.187012 0.000000 0.343256 0.000000 0.939242 0.899455 0.899455 0.899455
61.895859 0.000000 2438.118652 0.000000 0.520024 0.000000 0.854152 0.872187 0.872187 0.872187
57.975868 0.000000 2438.337891 0.000000 0.174435 0.000000 0.984669 0.885033 0.885033 0.885033
26.554295 0.000000 2468.791260 0.000000 0.074215 0.000000 0.997242 0.996264 0.996264 0.996264
15.293015 0.000000 2467.209961 0.000000 0.317283 0.000000 0.948331 0.909650 0.909650 0.909650
7.218019 0.000000 2468.783936 0.000000 0.173361 0.000000 0.984858 0.759427 0.759427 0.759427
13.904424 0.000000 2461.100342 0.000000 0.712846 0.000000 0.701321 0.879693 0.879693 0.879693
0.106506 0.000000 2464.545410 0.000000 0.574096 0.000000 0.818788 0.956891 0.956891 0.956891
9.718954 0.000000 2464.305664 0.000000 0.485879 0.000000 0.874026 0.888494 0.888494 0.888494
22.948341 0.000000 2459.622559 0.000000 0.695374 0.000000 0.718648 0.985987 0.985987 0.985987
2.985852 0.000000 2467.909668 0.000000 0.227077 0.000000 0.973877 0.829167 0.829167 0.829167
7.091154 0.000000 2473.287109 0.000000 0.707840 0.000000 0.706373 0.956920 0.956920 0.956920
11.288517 0.000000 2468.146973 0.000000 0.101229 0.000000 0.994863 0.757885 0.757885 0.757885
6.048315 0.000000 2465.220947 0.000000 0.500668 0.000000 0.865639 0.911177 0.911177 0.911177
0.388681 0.000000 2475.952881 0.000000 0.069658 0.000000 0.997571 0.970020 0.970020 0.970020
13.081315 0.000000 2464.402100 0.000000 0.474224 0.000000 0.880404 0.879037 0.879037 0.879037
30.648399 0.000000 2458.282715 0.000000 0.241433 0.000000 0.970417 0.960246 0.960246 0.960246
20.054514 0.000000 2459.992920 0.000000 0.254803 0.000000 0.966993 0.944268 0.944268 0.944268
4.765297 0.000000 2469.810547 0.000000 0.455246 0.000000 0.890366 0.805348 0.805348 0.805348
8.295876 0.000000 2466.463867 0.000000 0.003940 0.000000 0.999992 0.734002 0.734002 0.734002
8.044513 0.000000 2471.053711 0.000000 0.606948 0.000000 0.794742 0.892216 0.892216 0.892216
18.315754 0.000000 2464.095459 0.000000 0.679982 0.000000 0.733229 0.905479 0.905479 0.905479
9.336369 0.000000 2469.308105 0.000000 0.539394 0.000000 0.842053 0.822554 0.822554 0.822554
5.940101 0.000000 2471.634766 0.000000 0.597272 0.000000 0.802039 0.876852 0.876852 0.876852
13.242539 0.000000 2456.102051 0.000000 0.600352 0.000000 0.799736 0.942152 0.942152 0.942152
5.080451 0.000000 2473.673340 0.000000 0.244947 0.000000 0.969536 0.917406 0.917406 0.917406
19.619349 0.000000 2462.742188 0.000000 0.281634 0.000000 0.959522 0.785009 0.785009 0.785009
14.065362 0.000000 2459.381592 0.000000 0.485024 0.000000 0.874501 0.869790 0.869790 0.869790
17.521740 0.000000 2458.045898 0.000000 0.544599 0.000000 0.838697 0.910584 0.910584 0.910584
16.996763 0.000000 2463.100586 0.000000 0.428465 0.000000 0.903559 0.828217 0.828217 0.828217
12.466980 0.000000 2460.966797 0.000000 0.424284 0.000000 0.905529 0.824685 0.824685 0.824685
8.122924 0.000000 2469.774414 0.000000 0.372874 0.000000 0.927882 0.789299 0.789299 0.789299
55.397079 0.000000 2439.707031 0.000000 0.488441 0.000000 0.872597 0.962934 0.962934 0.962934
43.412819 0.000000 2455.003662 0.000000 0.168880 0.000000 0.985637 0.814610 0.814610 0.814610
32.262932 0.000000 2458.531006 0.000000 0.624575 0.000000 0.780965 0.935115 0.935115 0.935115
62.100151 0.000000 2473.447510 0.000000 0.572081 0.000000 0.820197 0.959182 0.959182 0.959182
38.729576 0.000000 2456.172852 0.000000 0.403127 0.000000 0.915144 0.844174 0.844174 0.844174
41.456146 0.000000 2459.766357 0.000000 0.573402 0.000000 0.819274 0.954456 0.954456 0.954456
57.479004 0.000000 2463.689697 0.000000 0.476046 0.000000 0.879420 0.906099 0.906099 0.906099
47.305210 0.000000 2455.868652 0.000000 0.528974 0.000000 0.848638 0.944340 0.944340 0.944340
35.854458 0.000000 2458.532715 0.000000 0.399228 0.000000 0.916852 0.881252 0.881252 0.881252
53.772167 0.000000 2442.499023 0.000000 0.519851 0.000000 0.854257 0.933524 0.933524 0.933524
55.969734 0.000000 2451.620605 0.000000 0.644446 0.000000 0.764649 0.969575 0.969575 0.969575
59.590813 0.000000 2465.732910 0.000000 0.383266 0.000000 0.923638 0.870657 0.870657 0.870657
58.840889 0.000000 2439.074707 0.000000 0.158803 0.000000 0.987310 0.830876 0.830876 0.830876
35.121040 0.000000 2450.196289 0.000000 0.680347 0.000000 0.732890 0.956875 0.956875 0.956875
38.785809 0.000000 2459.125244 0.000000 0.581880 0.000000 0.813275 0.926495 0.926495 0.926495
42.068787 0.000000 2449.872803 0.000000 0.715400 0.000000 0.698716 0.880257 0.880257 0.880257
58.705322 0.000000 2445.175049 0.000000 0.471429 0.000000 0.881904 0.954168 0.954168 0.954168
51.844406 0.000000 2443.316406 0.000000 0.213015 0.000000 0.977049 0.867959 0.867959 0.867959
60.508415 0.000000 2442.740234 0.000000 0.255287 0.000000 0.966865 0.826314 0.826314 0.826314
33.987404 0.000000 2459.591553 0.000000 0.198967 0.000000 0.980006 0.900777 0.900777 0.900777
43.970493 0.000000 2453.156738 0.000000 0.249078 0.000000 0.968483 0.779361 0.779361 0.779361
33.779823 0.000000 2454.174072 0.000000 0.175978 0.000000 0.984394 0.843403 0.843403 0.843403
63.190403 0.000000 2440.898193 0.000000 0.106140 0.000000 0.994351 0.817196 0.817196 0.817196
58.385567 0.000000 2462.294434 0.000000 0.154571 0.000000 0.987982 0.795021 0.795021 0.795021
63.925858 0.000000 2469.908203 0.000000 0.577117 0.000000 0.816661 0.902186 0.902186 0.902186
38.561657 0.000000 2450.116699 0.000000 0.048145 0.000000 0.998840 0.840344 0.840344 0.840344
44.994064 0.000000 2454.564697 0.000000 0.480154 0.000000 0.877184 0.898494 0.898494 0.898494
35.393169 0.000000 2457.032715 0.000000 0.562207 0.000000 0.826996 0.844416 0.844416 0.844416
37.693130 0.000000 2455.359619 0.000000 0.138834 0.000000 0.990316 0.746257 0.746257 0.746257
58.589813 0.000000 2440.607910 0.000000 0.525538 0.000000 0.850770 0.842513 0.842513 0.842513
45.163643 0.000000 2446.143311 0.000000 0.524151 0.000000 0.851625 0.804098 0.804098 0.804098
51.878670 0.000000 2446.575684 0.000000 0.469137 0.000000 0.883125 0.756778 0.756778 0.756778
37.803787 0.000000 2452.284424 0.000000 0.623701 0.000000 0.781663 0.872307 0.872307 0.872307
45.990578 0.000000 2448.146484 0.000000 0.340683 0.000000 0.940178 0.770975 0.770975 0.770975
45.965195 0.000000 2446.832031 0.000000 0.695617 0.000000 0.718413 0.845921 0.845921 0.845921
44.702713 0.000000 2448.448975 0.000000 0.018135 0.000000 0.999836 0.709278 0.709278 0.709278
48.494370 0.000000 2447.065430 0.000000 0.433160 0.000000 0.901317 0.719687 0.719687 0.719687
64.255119 0.000000 2458.531006 0.000000 0.504586 0.000000 0.863361 0.992197 0.992197 0.992197
77.922264 0.000000 2472.203369 0.000000 0.528203 0.000000 0.849118 0.979742 0.979742 0.979742
87.642242 0.000000 2472.526855 0.000000 0.118109 0.000000 0.993001 0.873089 0.873089 0.873089
71.075531 0.000000 2473.287109 0.000000 0.081508 0.000000 0.996673 0.858722 0.858722 0.858722
81.339073 0.000000 2470.876221 0.000000 0.498042 0.000000 0.867153 0.924019 0.924019 0.924019
67.729034 0.000000 2472.166016 0.000000 0.599703 0.000000 0.800223 0.863358 0.863358 0.863358
68.749672 0.000000 2469.810547 0.000000 0.090926 0.000000 0.995858 0.800510 0.800510 0.800510
66.330635 0.000000 2474.366699 0.000000 0.717476 0.000000 0.696584 0.936511 0.936511 0.936511
81.379311 0.000000 2476.903076 0.000000 0.440005 0.000000 0.897995 0.844089 0.844089 0.844089
72.028885 0.000000 2471.053711 0.000000 0.685273 0.000000 0.728286 0.969449 0.969449 0.969449
69.233910 0.000000 2467.429199 0.000000 0.711687 0.000000 0.702496 0.929996 0.929996 0.929996
64.092941 0.000000 2462.397217 0.000000 0.052828 0.000000 0.998604 0.855994 0.855994 0.855994
87.858871 0.000000 2475.235596 0.000000 0.464992 0.000000 0.885315 0.888719 0.888719 0.888719
69.924477 0.000000 2471.634766 0.000000 0.165230 0.000000 0.986255 0.779049 0.779049 0.779049
69.064827 0.000000 2473.673340 0.000000 0.328690 0.000000 0.944438 0.824130 0.824130 0.824130
65.843185 0.000000 2463.489014 0.000000 0.418687 0.000000 0.908131 0.891964 0.891964 0.891964
85.000114 0.000000 2478.165771 0.000000 0.068771 0.000000 0.997633 0.835011 0.835011 0.835011
79.927826 0.000000 2478.046875 0.000000 0.292159 0.000000 0.956370 0.856838 0.856838 0.856838
67.869339 0.000000 2466.429443 0.000000 0.252477 0.000000 0.967603 0.793086 0.793086 0.793086
64.790794 0.000000 2469.952881 0.000000 0.197900 0.000000 0.980222 0.770577 0.770577 0.770577
67.695145 0.000000 2470.647949 0.000000 0.198631 0.000000 0.980074 0.757013 0.757013 0.757013
67.320419 0.000000 2473.489014 0.000000 0.444027 0.000000 0.896013 0.836397 0.836397 0.836397
68.299438 0.000000 2468.360107 0.000000 0.717371 0.000000 0.696692 0.896089 0.896089 0.896089
80.148552 0.000000 2476.757568 0.000000 0.402444 0.000000 0.915445 0.838298 0.838298 0.838298
64.555008 0.000000 2465.594727 0.000000 0.507444 0.000000 0.861685 0.836649 0.836649 0.836649
3.077347 0.000000 2492.917236 0.000000 0.496894 0.000000 0.867811 0.811121 0.811121 0.811121
11.420631 0.000000 2494.988037 0.000000 0.061505 0.000000 0.998107 0.984928 0.984928 0.984928
0.103698 0.000000 2495.003906 0.000000 0.473403 0.000000 0.880846 0.900455 0.900455 0.900455
2.790058 0.000000 2495.728760 0.000000 0.035736 0.000000 0.999361 0.758563 0.758563 0.758563
6.793622 0.000000 2499.109619 0.000000 0.291214 0.000000 0.956658 0.840808 0.840808 0.840808
1.995216 0.000000 2499.575928 0.000000 0.382391 0.000000 0.924001 0.938219 0.938219 0.938219
4.431674 0.000000 2494.838623 0.000000 0.446282 0.000000 0.894892 0.806335 0.806335 0.806335
0.205800 0.000000 2493.326660 0.000000 0.589220 0.000000 0.807972 0.880226 0.880226 0.880226
22.623186 0.000000 2518.297852 0.000000 0.126065 0.000000 0.992022 0.783640 0.783640 0.783640
1.592124 0.000000 2490.355713 0.000000 0.049183 0.000000 0.998790 0.760680 0.760680 0.760680
4.603685 0.000000 2489.791992 0.000000 0.142953 0.000000 0.989729 0.861025 0.861025 0.861025
3.400982 0.000000 2497.017090 0.000000 0.698324 0.000000 0.715782 0.884487 0.884487 0.884487
3.044458 0.000000 2494.329834 0.000000 0.336245 0.000000 0.941774 0.806878 0.806878 0.806878
5.811598 0.000000 2492.268799 0.000000 0.360808 0.000000 0.932640 0.808000 0.808000 0.808000
60.926521 0.000000 2484.945801 0.000000 0.541790 0.000000 0.840514 0.947665 0.947665 0.947665
62.640587 0.000000 2498.267090 0.000000 0.418061 0.000000 0.908419 0.829313 0.829313 0.829313
44.655785 0.000000 2514.474609 0.000000 0.084200 0.000000 0.996449 0.914644 0.914644 0.914644
62.563084 0.000000 2482.698486 0.000000 0.219846 0.000000 0.975535 0.824854 0.824854 0.824854
60.508415 0.000000 2482.724609 0.000000 0.358454 0.000000 0.933547 0.909811 0.909811 0.909811
53.007927 0.000000 2518.150146 0.000000 0.635306 0.000000 0.772260 0.925100 0.925100 0.925100
46.429420 0.000000 2514.685791 0.000000 0.515155 0.000000 0.857097 0.899752 0.899752 0.899752
44.339924 0.000000 2516.259766 0.000000 0.029831 0.000000 0.999555 0.880740 0.880740 0.880740
48.483643 0.000000 2515.565674 0.000000 0.557476 0.000000 0.830193 0.887518 0.887518 0.887518
61.650848 0.000000 2502.875488 0.000000 0.100236 0.000000 0.994964 0.838480 0.838480 0.838480
46.294258 0.000000 2517.937988 0.000000 0.441474 0.000000 0.897274 0.847098 0.847098 0.847098
49.248375 0.000000 2518.475342 0.000000 0.561247 0.000000 0.827648 0.834495 0.834495 0.834495
61.101982 0.000000 2498.859375 0.000000 0.427721 0.000000 0.903911 0.830910 0.830910 0.830910
48.156364 0.000000 2516.741943 0.000000 0.554116 0.000000 0.832440 0.825670 0.825670 0.825670
9.615479 0.000000 2527.243896 0.000000 0.470906 0.000000 0.882183 0.862429 0.862429 0.862429
25.936644 0.000000 2556.367432 0.000000 0.674359 0.000000 0.738404 0.993778 0.993778 0.993778
3.312515 0.000000 2525.765137 0.000000 0.731519 0.000000 0.681822 0.911967 0.911967 0.911967
8.120930 0.000000 2521.154541 0.000000 0.716112 0.000000 0.697986 0.969139 0.969139 0.969139
24.609077 0.000000 2534.878662 0.000000 0.368928 0.000000 0.929458 0.904697 0.904697 0.904697
24.362171 0.000000 2524.624512 0.000000 0.494604 0.000000 0.869118 0.897434 0.897434 0.897434
23.657871 0.000000 2552.495605 0.000000 0.347938 0.000000 0.937517 0.814904 0.814904 0.814904
2.985852 0.000000 2547.878418 0.000000 0.445727 0.000000 0.895169 0.975086 0.975086 0.975086
20.734947 0.000000 2532.779297 0.000000 0.561012 0.000000 0.827808 0.885574 0.885574 0.885574
0.153217 0.000000 2523.506104 0.000000 0.620362 0.000000 0.784316 0.957233 0.957233 0.957233
22.123129 0.000000 2556.605713 0.000000 0.398968 0.000000 0.916965 0.805901 0.805901 0.805901
5.511558 0.000000 2528.551758 0.000000 0.243791 0.000000 0.969828 0.778449 0.778449 0.778449
26.611908 0.000000 2521.895020 0.000000 0.699458 0.000000 0.714674 0.940371 0.940371 0.940371
13.051891 0.000000 2527.394531 0.000000 0.723793 0.000000 0.690017 0.980988 0.980988 0.980988
5.282449 0.000000 2519.112061 0.000000 0.598261 0.000000 0.801301 0.979116 0.979116 0.979116
21.779980 0.000000 2522.467773 0.000000 0.602836 0.000000 0.797865 0.923896 0.923896 0.923896
25.929739 0.000000 2537.599365 0.000000 0.216951 0.000000 0.976182 0.959493 0.959493 0.959493
23.977545 0.000000 2531.589355 0.000000 0.473519 0.000000 0.880784 0.814385 0.814385 0.814385
23.925535 0.000000 2549.598389 0.000000 0.071748 0.000000 0.997423 0.955092 0.955092 0.955092
18.837057 0.000000 2531.369873 0.000000 0.022090 0.000000 0.999756 0.880141 0.880141 0.880141
7.144228 0.000000 2526.885498 0.000000 0.693895 0.000000 0.720076 0.859510 0.859510 0.859510
20.966969 0.000000 2530.406250 0.000000 0.265492 0.000000 0.964113 0.824462 0.824462 0.824462
19.741854 0.000000 2556.819580 0.000000 0.633122 0.000000 0.774052 0.924861 0.924861 0.924861
11.389040 0.000000 2525.781982 0.000000 0.426130 0.000000 0.904662 0.918146 0.918146 0.918146
2.388361 0.000000 2523.706543 0.000000 0.597435 0.000000 0.801918 0.923340 0.923340 0.923340
5.346496 0.000000 2531.088379 0.000000 0.685586 0.000000 0.727992 0.906360 0.906360 0.906360
2.861508 0.000000 2528.051025 0.000000 0.004952 0.000000 0.999988 0.722446 0.722446 0.722446
5.322059 0.000000 2526.055176 0.000000 0.410954 0.000000 0.911656 0.790908 0.790908 0.790908
22.145239 0.000000 2524.330322 0.000000 0.500652 0.000000 0.865648 0.908563 0.908563 0.908563
1.858812 0.000000 2543.457764 0.000000 0.404516 0.000000 0.914531 0.919307 0.919307 0.919307
21.015739 0.000000 2558.134521 0.000000 0.592897 0.000000 0.805278 0.885481 0.885481 0.885481
25.805128 0.000000 2523.557617 0.000000 0.575882 0.000000 0.817533 0.880526 0.880526 0.880526
22.149044 0.000000 2520.833984 0.000000 0.279909 0.000000 0.960026 0.775069 0.775069 0.775069
22.623186 0.000000 2558.282227 0.000000 0.388643 0.000000 0.921389 0.897623 0.897623 0.897623
22.932703 0.000000 2530.373291 0.000000 0.062165 0.000000 0.998066 0.740127 0.740127 0.740127
8.268297 0.000000 2527.724121 0.000000 0.148894 0.000000 0.988853 0.819028 0.819028 0.819028
23.866022 0.000000 2532.863281 0.000000 0.523464 0.000000 0.852048 0.844682 0.844682 0.844682
23.888874 0.000000 2528.546387 0.000000 0.557799 0.000000 0.829976 0.863120 0.863120 0.863120
2.283122 0.000000 2529.209229 0.000000 0.540661 0.000000 0.841240 0.822821 0.822821 0.822821
6.578671 0.000000 2525.743408 0.000000 0.569275 0.000000 0.822147 0.824099 0.824099 0.824099
23.909624 0.000000 2520.769531 0.000000 0.359836 0.000000 0.933016 0.789817 0.789817 0.789817
21.153496 0.000000 2553.151123 0.000000 0.643930 0.000000 0.765084 0.869505 0.869505 0.869505
41.607666 0.000000 2527.243896 0.000000 0.672233 0.000000 0.740340 0.893866 0.893866 0.893866
55.397079 0.000000 2519.675781 0.000000 0.546938 0.000000 0.837173 0.972755 0.972755 0.972755
35.304703 0.000000 2525.765137 0.000000 0.491248 0.000000 0.871020 0.992081 0.992081 0.992081
39.527714 0.000000 2531.470459 0.000000 0.581149 0.000000 0.813797 0.907439 0.907439 0.907439
50.890129 0.000000 2528.996338 0.000000 0.241741 0.000000 0.970341 0.953632 0.953632 0.953632
38.888229 0.000000 2524.557617 0.000000 0.283665 0.000000 0.958923 0.939133 0.939133 0.939133
42.874023 0.000000 2519.292725 0.000000 0.070604 0.000000 0.997504 0.955058 0.955058 0.955058
47.525238 0.000000 2522.853760 0.000000 0.637265 0.000000 0.770645 0.859418 0.859418 0.859418
47.825569 0.000000 2528.994385 0.000000 0.698071 0.000000 0.716028 0.906353 0.906353 0.906353
41.651592 0.000000 2524.219971 0.000000 0.619080 0.000000 0.785328 0.936862 0.936862 0.936862
48.780079 0.000000 2519.786621 0.000000 0.458380 0.000000 0.888756 0.814171 0.814171 0.814171
43.970493 0.000000 2533.125488 0.000000 0.441728 0.000000 0.897149 0.919399 0.919399 0.919399
47.628582 0.000000 2524.560303 0.000000 0.580820 0.000000 0.814032 0.848040 0.848040 0.848040
44.575912 0.000000 2524.887207 0.000000 0.081742 0.000000 0.996653 0.776964 0.776964 0.776964
46.425148 0.000000 2523.787109 0.000000 0.665164 0.000000 0.746698 0.865293 0.865293 0.865293
46.946022 0.000000 2526.102783 0.000000 0.390087 0.000000 0.920778 0.818889 0.818889 0.818889
69.504585 0.000000 2501.589600 0.000000 0.166676 0.000000 0.986012 0.901902 0.901902 0.901902
87.389267 0.000000 2479.691406 0.000000 0.119981 0.000000 0.992776 0.913089 0.913089 0.913089
79.277390 0.000000 2507.194336 0.000000 0.022736 0.000000 0.999741 0.980676 0.980676 0.980676
77.888802 0.000000 2501.084717 0.000000 0.553494 0.000000 0.832853 0.992628 0.992628 0.992628
72.105301 0.000000 2481.170166 0.000000 0.246077 0.000000 0.969250 0.986797 0.986797 0.986797
66.970230 0.000000 2507.894043 0.000000 0.246571 0.000000 0.969125 0.910911 0.910911 0.910911
76.392677 0.000000 2490.806885 0.000000 0.190100 0.000000 0.981765 0.779580 0.779580 0.779580
79.297394 0.000000 2495.853027 0.000000 0.531277 0.000000 0.847198 0.962152 0.962152 0.962152
68.098236 0.000000 2482.249756 0.000000 0.061658 0.000000 0.998097 0.871904 0.871904 0.871904
70.032692 0.000000 2505.205322 0.000000 0.711215 0.000000 0.702974 0.935774 0.935774 0.935774
70.880417 0.000000 2484.573242 0.000000 0.413080 0.000000 0.910695 0.945689 0.945689 0.945689
66.079185 0.000000 2501.585938 0.000000 0.726975 0.000000 0.686664 0.935753 0.935753 0.935753
77.036270 0.000000 2487.410156 0.000000 0.451062 0.000000 0.892493 0.821036 0.821036 0.821036
69.266823 0.000000 2479.127686 0.000000 0.642678 0.000000 0.766136 0.978210 0.978210 0.978210
79.517426 0.000000 2482.869385 0.000000 0.395332 0.000000 0.918538 0.819772 0.819772 0.819772
74.145798 0.000000 2492.459961 0.000000 0.202717 0.000000 0.979237 0.808931 0.808931 0.808931
77.823296 0.000000 2509.473633 0.000000 0.168932 0.000000 0.985628 0.954529 0.954529 0.954529
80.772263 0.000000 2479.802246 0.000000 0.144963 0.000000 0.989437 0.797172 0.797172 0.797172
76.799057 0.000000 2481.011230 0.000000 0.269564 0.000000 0.962982 0.886594 0.886594 0.886594
82.415520 0.000000 2486.518311 0.000000 0.617121 0.000000 0.786868 0.932165 0.932165 0.932165
83.836594 0.000000 2483.300781 0.000000 0.729039 0.000000 0.684472 0.915306 0.915306 0.915306
78.458328 0.000000 2490.726807 0.000000 0.439503 0.000000 0.898241 0.869080 0.869080 0.869080
65.979591 0.000000 2499.575928 0.000000 0.196438 0.000000 0.980516 0.866310 0.866310 0.866310
79.074913 0.000000 2480.947021 0.000000 0.624070 0.000000 0.781369 0.879092 0.879092 0.879092
67.796875 0.000000 2500.502686 0.000000 0.687183 0.000000 0.726484 0.930974 0.930974 0.930974
65.843185 0.000000 2503.473389 0.000000 0.219046 0.000000 0.975715 0.841599 0.841599 0.841599
75.962677 0.000000 2493.141113 0.000000 0.536348 0.000000 0.843997 0.859537 0.859537 0.859537
78.867310 0.000000 2487.405029 0.000000 0.626419 0.000000 0.779486 0.841561 0.841561 0.841561
77.572701 0.000000 2489.171875 0.000000 0.538636 0.000000 0.842538 0.829899 0.829899 0.829899
84.243927 0.000000 2481.629395 0.000000 0.263143 0.000000 0.964757 0.889269 0.889269 0.889269
70.553841 0.000000 2490.101074 0.000000 0.551587 0.000000 0.834117 0.918724 0.918724 0.918724
73.088387 0.000000 2491.145996 0.000000 0.155885 0.000000 0.987775 0.802275 0.802275 0.802275
85.949699 0.000000 2479.244873 0.000000 0.251106 0.000000 0.967960 0.855333 0.855333 0.855333
65.320557 0.000000 2482.889404 0.000000 0.015129 0.000000 0.999886 0.747553 0.747553 0.747553
338.853027 0.000000 2297.454590 0.000000 0.273864 0.000000 0.961768 0.977397 0.977397 0.977397
350.029846 0.000000 2313.510010 0.000000 0.652972 0.000000 0.757382 0.976402 0.976402 0.976402
342.870209 0.000000 2299.685059 0.000000 0.592249 0.000000 0.805755 0.969591 0.969591 0.969591
345.408691 0.000000 2303.752197 0.000000 0.181936 0.000000 0.983310 0.930704 0.930704 0.930704
340.947449 0.000000 2306.415527 0.000000 0.700707 0.000000 0.713449 0.962318 0.962318 0.962318
357.434265 0.000000 2341.652100 0.000000 0.417595 0.000000 0.908633 0.965847 0.965847 0.965847
367.207092 0.000000 2347.256836 0.000000 0.340338 0.000000 0.940303 0.969454 0.969454 0.969454
359.449585 0.000000 2331.548584 0.000000 0.708340 0.000000 0.705872 0.980436 0.980436 0.980436
367.227081 0.000000 2335.915527 0.000000 0.723632 0.000000 0.690187 0.967670 0.967670 0.967670
354.008881 0.000000 2341.648438 0.000000 0.294201 0.000000 0.955744 0.971416 0.971416 0.971416
364.613037 0.000000 2338.106934 0.000000 0.536399 0.000000 0.843965 0.942313 0.942313 0.942313
365.785187 0.000000 2333.351318 0.000000 0.010643 0.000000 0.999943 0.937680 0.937680 0.937680
362.075470 0.000000 2332.522461 0.000000 0.445615 0.000000 0.895225 0.955704 0.955704 0.955704
363.183075 0.000000 2341.859131 0.000000 0.156800 0.000000 0.987630 0.929430 0.929430 0.929430
"}
object={
	name="reeds_01_generator_1_1"
	render_pass=Map
	clamp_to_water_level=no
	generated_content=yes
	layer="grass_layer"
	pdxmesh="reeds_07_grass_mesh"
	count=201
	transform="63.737106 0.000000 2437.075684 0.000000 0.814936 0.000000 0.579552 0.979937 0.979937 0.979937
59.563614 0.000000 2437.864014 0.000000 0.940395 0.000000 0.340086 0.979208 0.979208 0.979208
10.481696 0.000000 2475.945312 0.000000 0.749153 0.000000 0.662397 0.994577 0.994577 0.994577
31.459743 0.000000 2451.505371 0.000000 0.957851 0.000000 0.287265 0.996363 0.996363 0.996363
28.965427 0.000000 2455.512207 0.000000 0.946532 0.000000 0.322609 0.994259 0.994259 0.994259
17.831543 0.000000 2461.874268 0.000000 0.988651 0.000000 0.150231 0.975905 0.975905 0.975905
10.383754 0.000000 2471.651123 0.000000 0.900186 0.000000 0.435506 0.951627 0.951627 0.951627
16.221176 0.000000 2459.012939 0.000000 0.773228 0.000000 0.634128 0.938266 0.938266 0.938266
3.179477 0.000000 2464.871826 0.000000 0.741698 0.000000 0.670734 0.955949 0.955949 0.955949
0.299433 0.000000 2468.335693 0.000000 0.753300 0.000000 0.657677 0.930118 0.930118 0.930118
11.269007 0.000000 2461.812256 0.000000 0.889380 0.000000 0.457169 0.946658 0.946658 0.946658
25.447870 0.000000 2460.949463 0.000000 0.952576 0.000000 0.304300 0.989193 0.989193 0.989193
13.838923 0.000000 2469.489258 0.000000 0.923487 0.000000 0.383630 0.948887 0.948887 0.948887
8.032982 0.000000 2462.114746 0.000000 0.924097 0.000000 0.382158 0.974547 0.974547 0.974547
2.064865 0.000000 2478.182861 0.000000 0.814232 0.000000 0.580539 0.972166 0.972166 0.972166
21.025566 0.000000 2466.353027 0.000000 0.909722 0.000000 0.415218 0.966862 0.966862 0.966862
5.249531 0.000000 2467.429199 0.000000 0.775941 0.000000 0.630805 0.902865 0.902865 0.902865
25.413368 0.000000 2466.175537 0.000000 0.795542 0.000000 0.605899 0.967500 0.967500 0.967500
1.395925 0.000000 2466.389893 0.000000 0.817060 0.000000 0.576552 0.944771 0.944771 0.944771
13.199072 0.000000 2466.738525 0.000000 0.947385 0.000000 0.320096 0.958514 0.958514 0.958514
30.847712 0.000000 2454.189697 0.000000 0.889719 0.000000 0.456509 0.971595 0.971595 0.971595
11.351293 0.000000 2465.737305 0.000000 0.794030 0.000000 0.607878 0.920071 0.920071 0.920071
11.882853 0.000000 2470.196289 0.000000 0.971154 0.000000 0.238453 0.974153 0.974153 0.974153
14.609617 0.000000 2465.493652 0.000000 0.992671 0.000000 0.120847 0.988810 0.988810 0.988810
1.784481 0.000000 2468.842529 0.000000 0.838400 0.000000 0.545056 0.943873 0.943873 0.943873
3.418826 0.000000 2469.325684 0.000000 0.840613 0.000000 0.541636 0.909974 0.909974 0.909974
11.958552 0.000000 2467.045898 0.000000 0.918378 0.000000 0.395705 0.931949 0.931949 0.931949
18.453102 0.000000 2462.836182 0.000000 0.829622 0.000000 0.558325 0.900916 0.900916 0.900916
20.159708 0.000000 2463.787842 0.000000 0.851221 0.000000 0.524807 0.902069 0.902069 0.902069
20.797283 0.000000 2462.837646 0.000000 0.816152 0.000000 0.577837 0.890797 0.890797 0.890797
54.644722 0.000000 2448.838867 0.000000 0.807216 0.000000 0.590256 0.952712 0.952712 0.952712
59.957073 0.000000 2459.881348 0.000000 0.780820 0.000000 0.624756 0.964621 0.964621 0.964621
60.926521 0.000000 2444.961426 0.000000 0.784068 0.000000 0.620675 0.961551 0.961551 0.961551
39.527714 0.000000 2451.501709 0.000000 0.945400 0.000000 0.325913 0.965190 0.965190 0.965190
54.940529 0.000000 2459.622559 0.000000 0.771122 0.000000 0.636688 0.991384 0.991384 0.991384
63.737106 0.000000 2477.060059 0.000000 0.920963 0.000000 0.389650 0.992006 0.992006 0.992006
32.095886 0.000000 2455.019531 0.000000 0.887288 0.000000 0.461216 0.946146 0.946146 0.946146
34.087002 0.000000 2461.601562 0.000000 0.868215 0.000000 0.496187 0.980557 0.980557 0.980557
62.747589 0.000000 2461.438232 0.000000 0.890037 0.000000 0.455888 0.958637 0.958637 0.958637
37.687634 0.000000 2453.517334 0.000000 0.815717 0.000000 0.578451 0.912223 0.912223 0.912223
62.870209 0.000000 2466.961182 0.000000 0.906716 0.000000 0.421741 0.932612 0.932612 0.932612
39.880943 0.000000 2449.107178 0.000000 0.922749 0.000000 0.385400 0.976294 0.976294 0.976294
54.517662 0.000000 2446.222656 0.000000 0.972568 0.000000 0.232620 0.981244 0.981244 0.981244
43.381226 0.000000 2445.813232 0.000000 0.739764 0.000000 0.672867 0.928137 0.928137 0.928137
56.241611 0.000000 2441.941650 0.000000 0.983831 0.000000 0.179101 0.982917 0.982917 0.982917
50.423332 0.000000 2446.533936 0.000000 0.991962 0.000000 0.126532 0.971493 0.971493 0.971493
63.599247 0.000000 2439.141602 0.000000 0.945667 0.000000 0.325136 0.970237 0.970237 0.970237
63.263969 0.000000 2471.749512 0.000000 0.819778 0.000000 0.572682 0.958897 0.958897 0.958897
59.975777 0.000000 2440.772949 0.000000 0.993480 0.000000 0.114007 0.982315 0.982315 0.982315
39.741890 0.000000 2457.672607 0.000000 0.872793 0.000000 0.488091 0.931258 0.931258 0.931258
63.236729 0.000000 2463.063232 0.000000 0.885969 0.000000 0.463745 0.930175 0.930175 0.930175
37.330345 0.000000 2459.983154 0.000000 0.985540 0.000000 0.169441 0.981722 0.981722 0.981722
34.306381 0.000000 2457.870361 0.000000 0.996358 0.000000 0.085268 0.986359 0.986359 0.986359
41.096203 0.000000 2451.161621 0.000000 0.737569 0.000000 0.675272 0.894506 0.894506 0.894506
61.525955 0.000000 2441.562256 0.000000 0.881670 0.000000 0.471866 0.916576 0.916576 0.916576
60.347214 0.000000 2439.188477 0.000000 0.765724 0.000000 0.643169 0.912792 0.912792 0.912792
63.388508 0.000000 2465.528564 0.000000 0.781183 0.000000 0.624302 0.883855 0.883855 0.883855
42.226616 0.000000 2453.996582 0.000000 0.986710 0.000000 0.162492 0.972699 0.972699 0.972699
52.307404 0.000000 2449.137451 0.000000 0.952119 0.000000 0.305729 0.958889 0.958889 0.958889
49.565357 0.000000 2448.988281 0.000000 0.972760 0.000000 0.231815 0.955028 0.955028 0.955028
43.824265 0.000000 2451.953857 0.000000 0.994432 0.000000 0.105383 0.981813 0.981813 0.981813
43.552773 0.000000 2449.971191 0.000000 0.948189 0.000000 0.317706 0.949956 0.949956 0.949956
47.928951 0.000000 2447.856689 0.000000 0.969824 0.000000 0.243808 0.940972 0.940972 0.940972
44.542980 0.000000 2449.525391 0.000000 0.753382 0.000000 0.657583 0.865635 0.865635 0.865635
69.504585 0.000000 2461.605225 0.000000 0.968435 0.000000 0.249265 0.999371 0.999371 0.999371
89.921021 0.000000 2476.398682 0.000000 0.992498 0.000000 0.122261 0.995410 0.995410 0.995410
84.483826 0.000000 2469.300049 0.000000 0.803949 0.000000 0.594698 0.987280 0.987280 0.987280
78.902176 0.000000 2476.498047 0.000000 0.948911 0.000000 0.315545 0.968743 0.968743 0.968743
86.107506 0.000000 2476.636963 0.000000 0.980567 0.000000 0.196184 0.983732 0.983732 0.983732
76.689911 0.000000 2477.962891 0.000000 0.815424 0.000000 0.578864 0.970717 0.970717 0.970717
66.049240 0.000000 2478.182861 0.000000 0.755913 0.000000 0.654672 0.966144 0.966144 0.966144
70.018631 0.000000 2475.454346 0.000000 0.882821 0.000000 0.469709 0.969482 0.969482 0.969482
85.903313 0.000000 2474.207031 0.000000 0.967670 0.000000 0.252218 0.958624 0.958624 0.958624
67.734726 0.000000 2462.818848 0.000000 0.973942 0.000000 0.226798 0.988005 0.988005 0.988005
81.826935 0.000000 2472.833008 0.000000 0.778804 0.000000 0.627267 0.922133 0.922133 0.922133
65.892136 0.000000 2472.470215 0.000000 0.785594 0.000000 0.618743 0.935044 0.935044 0.935044
83.188705 0.000000 2470.585693 0.000000 0.761163 0.000000 0.648561 0.938337 0.938337 0.938337
67.881241 0.000000 2474.741455 0.000000 0.886478 0.000000 0.462771 0.960363 0.960363 0.960363
86.067986 0.000000 2472.429199 0.000000 0.786017 0.000000 0.618205 0.941766 0.941766 0.941766
84.038887 0.000000 2473.683350 0.000000 0.881047 0.000000 0.473028 0.928654 0.928654 0.928654
65.656197 0.000000 2464.902832 0.000000 0.944399 0.000000 0.328803 0.947305 0.947305 0.947305
69.787468 0.000000 2468.865234 0.000000 0.899442 0.000000 0.437040 0.939023 0.939023 0.939023
64.034172 0.000000 2466.904053 0.000000 0.831253 0.000000 0.555894 0.889633 0.889633 0.889633
81.240562 0.000000 2478.490967 0.000000 0.932345 0.000000 0.361570 0.947355 0.947355 0.947355
82.622063 0.000000 2477.691406 0.000000 0.987925 0.000000 0.154932 0.975533 0.975533 0.975533
83.889954 0.000000 2478.767822 0.000000 0.821005 0.000000 0.570920 0.910499 0.910499 0.910499
66.660095 0.000000 2471.452637 0.000000 0.766728 0.000000 0.641972 0.876441 0.876441 0.876441
66.628021 0.000000 2466.184082 0.000000 0.779475 0.000000 0.626433 0.893525 0.893525 0.893525
65.335403 0.000000 2467.689453 0.000000 0.887428 0.000000 0.460947 0.910300 0.910300 0.910300
68.767639 0.000000 2471.227783 0.000000 0.980552 0.000000 0.196261 0.968930 0.968930 0.968930
5.520213 0.000000 2501.589600 0.000000 0.844726 0.000000 0.535199 0.961932 0.961932 0.961932
1.472813 0.000000 2479.635010 0.000000 0.943341 0.000000 0.331825 0.964534 0.964534 0.964534
18.838352 0.000000 2514.584961 0.000000 0.970764 0.000000 0.240035 0.995764 0.995764 0.995764
25.936644 0.000000 2516.383057 0.000000 0.875763 0.000000 0.482742 0.974846 0.974846 0.974846
0.270746 0.000000 2498.515381 0.000000 0.959199 0.000000 0.282730 0.984972 0.984972 0.984972
18.618420 0.000000 2519.011719 0.000000 0.819074 0.000000 0.573688 0.955764 0.955764 0.955764
22.123129 0.000000 2516.621338 0.000000 0.846928 0.000000 0.531708 0.953813 0.953813 0.953813
3.862269 0.000000 2498.517090 0.000000 0.974637 0.000000 0.223791 0.976334 0.976334 0.976334
8.430514 0.000000 2494.369629 0.000000 0.980879 0.000000 0.194620 0.990220 0.990220 0.990220
24.227934 0.000000 2518.155762 0.000000 0.810739 0.000000 0.585407 0.931303 0.931303 0.931303
0.889207 0.000000 2491.772217 0.000000 0.843477 0.000000 0.537166 0.910809 0.910809 0.910809
5.346496 0.000000 2491.104004 0.000000 0.921710 0.000000 0.387880 0.945305 0.945305 0.945305
2.861508 0.000000 2488.066650 0.000000 0.850975 0.000000 0.525206 0.914410 0.914410 0.914410
4.726126 0.000000 2496.688232 0.000000 0.826022 0.000000 0.563637 0.890873 0.890873 0.890873
1.787636 0.000000 2494.158447 0.000000 0.896030 0.000000 0.443994 0.957504 0.957504 0.957504
6.819861 0.000000 2494.570557 0.000000 0.908381 0.000000 0.418144 0.950457 0.950457 0.950457
5.700941 0.000000 2495.343994 0.000000 0.941007 0.000000 0.338386 0.939673 0.939673 0.939673
0.193684 0.000000 2490.673096 0.000000 0.909038 0.000000 0.416712 0.932396 0.932396 0.932396
42.473885 0.000000 2515.929688 0.000000 0.752086 0.000000 0.659065 0.983832 0.983832 0.983832
50.830540 0.000000 2514.584961 0.000000 0.869681 0.000000 0.493615 0.954891 0.954891 0.954891
62.182133 0.000000 2504.516113 0.000000 0.738852 0.000000 0.673867 0.955695 0.955695 0.955695
60.957615 0.000000 2495.496582 0.000000 0.955282 0.000000 0.295696 0.988759 0.988759 0.988759
63.727112 0.000000 2486.382812 0.000000 0.949297 0.000000 0.314379 0.986427 0.986427 0.986427
49.387123 0.000000 2516.887451 0.000000 0.836133 0.000000 0.548527 0.897086 0.897086 0.897086
62.747139 0.000000 2484.729492 0.000000 0.791063 0.000000 0.611734 0.935909 0.935909 0.935909
61.738789 0.000000 2499.922119 0.000000 0.984759 0.000000 0.173925 0.973814 0.973814 0.973814
63.236729 0.000000 2503.047607 0.000000 0.995464 0.000000 0.095137 0.987155 0.987155 0.987155
63.201405 0.000000 2499.974609 0.000000 0.750928 0.000000 0.660384 0.891950 0.891950 0.891950
50.629875 0.000000 2517.675781 0.000000 0.954441 0.000000 0.298400 0.956123 0.956123 0.956123
0.305949 0.000000 2551.452637 0.000000 0.934084 0.000000 0.357053 0.999088 0.999088 0.999088
18.838352 0.000000 2554.569336 0.000000 0.989163 0.000000 0.146820 0.985285 0.985285 0.985285
0.270746 0.000000 2538.499756 0.000000 0.870011 0.000000 0.493032 0.978118 0.978118 0.978118
16.410814 0.000000 2531.947998 0.000000 0.976709 0.000000 0.214568 0.994601 0.994601 0.994601
29.629757 0.000000 2519.980225 0.000000 0.939890 0.000000 0.341478 0.996520 0.996520 0.996520
12.279971 0.000000 2523.396240 0.000000 0.995251 0.000000 0.097343 0.999026 0.999026 0.999026
26.976234 0.000000 2530.733398 0.000000 0.823461 0.000000 0.567374 0.911134 0.911134 0.911134
0.186281 0.000000 2529.445312 0.000000 0.775867 0.000000 0.630897 0.877282 0.877282 0.877282
28.965427 0.000000 2535.480957 0.000000 0.974282 0.000000 0.225334 0.994893 0.994893 0.994893
17.354696 0.000000 2550.844971 0.000000 0.929754 0.000000 0.368182 0.988704 0.988704 0.988704
29.667416 0.000000 2528.392578 0.000000 0.935664 0.000000 0.352893 0.968486 0.968486 0.968486
20.410498 0.000000 2552.124268 0.000000 0.994010 0.000000 0.109289 0.983597 0.983597 0.983597
26.848703 0.000000 2519.043457 0.000000 0.985230 0.000000 0.171237 0.991837 0.991837 0.991837
5.695445 0.000000 2533.486084 0.000000 0.984438 0.000000 0.175733 0.991180 0.991180 0.991180
21.918940 0.000000 2554.175781 0.000000 0.851614 0.000000 0.524170 0.909089 0.909089 0.909089
0.889207 0.000000 2531.756592 0.000000 0.745450 0.000000 0.666562 0.905285 0.905285 0.905285
24.249424 0.000000 2521.910400 0.000000 0.987028 0.000000 0.160546 0.976652 0.976652 0.976652
26.713135 0.000000 2525.143799 0.000000 0.898496 0.000000 0.438982 0.969366 0.969366 0.969366
22.806242 0.000000 2533.602295 0.000000 0.954703 0.000000 0.297561 0.953988 0.953988 0.953988
22.114059 0.000000 2550.764160 0.000000 0.992961 0.000000 0.118443 0.989330 0.989330 0.989330
4.848249 0.000000 2524.152100 0.000000 0.901921 0.000000 0.431900 0.924183 0.924183 0.924183
25.317318 0.000000 2520.236816 0.000000 0.890106 0.000000 0.455753 0.931478 0.931478 0.931478
19.204332 0.000000 2550.554443 0.000000 0.748501 0.000000 0.663133 0.947510 0.947510 0.947510
25.106825 0.000000 2533.138428 0.000000 0.902210 0.000000 0.431298 0.939883 0.939883 0.939883
4.306966 0.000000 2527.315430 0.000000 0.987155 0.000000 0.159763 0.970758 0.970758 0.970758
25.298332 0.000000 2525.974121 0.000000 0.766820 0.000000 0.641863 0.932144 0.932144 0.932144
23.217491 0.000000 2523.151123 0.000000 0.886506 0.000000 0.462717 0.938750 0.938750 0.938750
1.592124 0.000000 2530.340088 0.000000 0.771708 0.000000 0.635977 0.910518 0.910518 0.910518
20.054514 0.000000 2553.652100 0.000000 0.863328 0.000000 0.504643 0.920764 0.920764 0.920764
3.823061 0.000000 2531.530029 0.000000 0.974099 0.000000 0.226121 0.970389 0.970389 0.970389
0.048679 0.000000 2526.018066 0.000000 0.976698 0.000000 0.214616 0.969220 0.969220 0.969220
2.318063 0.000000 2526.686035 0.000000 0.926537 0.000000 0.376203 0.942226 0.942226 0.942226
0.078086 0.000000 2528.074219 0.000000 0.873088 0.000000 0.487563 0.908453 0.908453 0.908453
4.442946 0.000000 2525.279785 0.000000 0.972964 0.000000 0.230958 0.960434 0.960434 0.960434
48.403000 0.000000 2531.947998 0.000000 0.940258 0.000000 0.340462 0.986990 0.986990 0.986990
50.506119 0.000000 2521.672363 0.000000 0.901380 0.000000 0.433029 0.944096 0.944096 0.944096
44.400490 0.000000 2530.791260 0.000000 0.951337 0.000000 0.308152 0.966372 0.966372 0.966372
37.503746 0.000000 2528.551758 0.000000 0.797149 0.000000 0.603783 0.956304 0.956304 0.956304
45.044079 0.000000 2527.394531 0.000000 0.791751 0.000000 0.610844 0.886802 0.886802 0.886802
37.338684 0.000000 2531.088379 0.000000 0.991733 0.000000 0.128322 0.993896 0.993896 0.993896
46.466141 0.000000 2530.711182 0.000000 0.985002 0.000000 0.172544 0.988311 0.988311 0.988311
43.704292 0.000000 2528.750977 0.000000 0.979567 0.000000 0.201117 0.965623 0.965623 0.965623
40.524788 0.000000 2525.655029 0.000000 0.949954 0.000000 0.312389 0.977791 0.977791 0.977791
42.915882 0.000000 2531.024658 0.000000 0.805923 0.000000 0.592020 0.914587 0.914587 0.914587
43.258362 0.000000 2527.370361 0.000000 0.912925 0.000000 0.408127 0.933878 0.933878 0.933878
42.351833 0.000000 2528.411377 0.000000 0.912627 0.000000 0.408793 0.928506 0.928506 0.928506
38.806259 0.000000 2528.200684 0.000000 0.993012 0.000000 0.118009 0.985235 0.985235 0.985235
47.475388 0.000000 2519.687500 0.000000 0.776251 0.000000 0.630424 0.902935 0.902935 0.902935
49.715736 0.000000 2520.653809 0.000000 0.964633 0.000000 0.263596 0.954715 0.954715 0.954715
75.405006 0.000000 2494.988037 0.000000 0.996108 0.000000 0.088144 0.993830 0.993830 0.993830
82.498306 0.000000 2481.687988 0.000000 0.912036 0.000000 0.410111 0.943031 0.943031 0.943031
64.170654 0.000000 2489.460938 0.000000 0.922524 0.000000 0.385941 0.995054 0.995054 0.995054
64.137589 0.000000 2483.521729 0.000000 0.981492 0.000000 0.191503 0.968731 0.968731 0.968731
67.163849 0.000000 2504.856201 0.000000 0.946043 0.000000 0.324040 0.970341 0.970341 0.970341
84.655579 0.000000 2479.856689 0.000000 0.890332 0.000000 0.455312 0.948072 0.948072 0.948072
73.643784 0.000000 2484.235596 0.000000 0.968133 0.000000 0.250436 0.988625 0.988625 0.988625
68.749672 0.000000 2509.794922 0.000000 0.861567 0.000000 0.507644 0.981390 0.981390 0.981390
74.060974 0.000000 2489.857178 0.000000 0.794927 0.000000 0.606705 0.899094 0.899094 0.899094
71.873131 0.000000 2489.091553 0.000000 0.818503 0.000000 0.574502 0.952636 0.952636 0.952636
71.128601 0.000000 2486.901123 0.000000 0.992463 0.000000 0.122548 0.992639 0.992639 0.992639
64.068985 0.000000 2481.367676 0.000000 0.919331 0.000000 0.393485 0.950527 0.950527 0.950527
66.007088 0.000000 2481.734619 0.000000 0.969327 0.000000 0.245775 0.975202 0.975202 0.975202
79.718941 0.000000 2493.798584 0.000000 0.922305 0.000000 0.386464 0.970281 0.970281 0.970281
81.240479 0.000000 2490.248291 0.000000 0.964641 0.000000 0.263569 0.980690 0.980690 0.980690
65.096764 0.000000 2485.149658 0.000000 0.895455 0.000000 0.445152 0.938956 0.938956 0.938956
81.107422 0.000000 2487.747070 0.000000 0.923687 0.000000 0.383147 0.948954 0.948954 0.948954
79.620766 0.000000 2484.575928 0.000000 0.735833 0.000000 0.677163 0.873712 0.873712 0.873712
72.572754 0.000000 2492.702148 0.000000 0.993956 0.000000 0.109775 0.988192 0.988192 0.988192
74.218803 0.000000 2493.980957 0.000000 0.995926 0.000000 0.090171 0.987376 0.987376 0.987376
77.417526 0.000000 2491.811035 0.000000 0.742529 0.000000 0.669814 0.882729 0.882729 0.882729
78.417336 0.000000 2483.802734 0.000000 0.975436 0.000000 0.220284 0.965621 0.965621 0.965621
77.155830 0.000000 2486.127686 0.000000 0.982586 0.000000 0.185809 0.969671 0.969671 0.969671
81.285843 0.000000 2485.377686 0.000000 0.810172 0.000000 0.586192 0.910868 0.910868 0.910868
81.707924 0.000000 2480.669434 0.000000 0.776060 0.000000 0.630659 0.889263 0.889263 0.889263
78.716911 0.000000 2489.549072 0.000000 0.803760 0.000000 0.594953 0.906142 0.906142 0.906142
77.982765 0.000000 2488.130859 0.000000 0.818000 0.000000 0.575218 0.895956 0.895956 0.895956
333.826294 0.000000 2301.162842 0.000000 0.973423 0.000000 0.229013 0.997116 0.997116 0.997116
361.529541 0.000000 2327.322021 0.000000 0.978624 0.000000 0.205656 0.997414 0.997414 0.997414
352.020569 0.000000 2344.592285 0.000000 0.846858 0.000000 0.531819 0.995800 0.995800 0.995800
355.776337 0.000000 2338.579590 0.000000 0.922342 0.000000 0.386375 0.990096 0.990096 0.990096
364.995392 0.000000 2344.448975 0.000000 0.762339 0.000000 0.647177 0.975398 0.975398 0.975398
369.946747 0.000000 2334.507324 0.000000 0.951326 0.000000 0.308186 0.988268 0.988268 0.988268
"}
object={
	name="reeds_01_generator_1_2"
	render_pass=Map
	clamp_to_water_level=no
	generated_content=yes
	layer="grass_layer"
	pdxmesh="reeds_01_tall_grass_mesh"
	count=435
	transform="60.994431 0.000000 2436.157959 0.000000 0.761682 0.000000 -0.647951 1.036956 1.036956 1.036956
18.931166 0.000000 2457.392090 0.000000 0.987280 0.000000 -0.158989 1.002392 1.002392 1.002392
0.305949 0.000000 2471.483887 0.000000 0.089066 0.000000 -0.996026 1.099871 1.099871 1.099871
11.420631 0.000000 2455.003662 0.000000 0.716776 0.000000 -0.697304 1.011558 1.011558 1.011558
21.330795 0.000000 2463.868896 0.000000 0.999991 0.000000 0.004214 0.999253 0.999253 0.999253
3.838245 0.000000 2476.452393 0.000000 0.999444 0.000000 0.033330 0.999334 0.999334 0.999334
20.499454 0.000000 2469.300049 0.000000 0.409441 0.000000 -0.912337 1.017210 1.017210 1.017210
13.937888 0.000000 2472.203369 0.000000 0.881095 0.000000 -0.472940 1.015988 1.015988 1.015988
9.463957 0.000000 2459.766357 0.000000 0.650248 0.000000 -0.759722 1.043085 1.043085 1.043085
25.486814 0.000000 2463.689697 0.000000 0.933714 0.000000 -0.358019 1.026509 1.026509 1.026509
23.252506 0.000000 2466.985596 0.000000 0.903290 0.000000 -0.429031 1.033211 1.033211 1.033211
3.744657 0.000000 2472.166016 0.000000 0.797158 0.000000 -0.603771 1.030748 1.030748 1.030748
18.674732 0.000000 2466.312744 0.000000 0.549972 0.000000 -0.835183 1.049355 1.049355 1.049355
12.698986 0.000000 2458.060059 0.000000 0.997168 0.000000 -0.075201 1.009584 1.009584 1.009584
16.075527 0.000000 2464.293701 0.000000 0.068598 0.000000 -0.997644 1.131256 1.131256 1.131256
27.598627 0.000000 2465.732910 0.000000 0.582545 0.000000 -0.812798 1.026060 1.026060 1.026060
23.241793 0.000000 2462.316650 0.000000 0.539157 0.000000 -0.842205 1.137497 1.137497 1.137497
2.274341 0.000000 2470.217529 0.000000 0.004807 0.000000 -0.999988 1.175931 1.175931 1.175931
9.468097 0.000000 2473.849121 0.000000 0.469411 0.000000 -0.882980 1.051332 1.051332 1.051332
23.332777 0.000000 2464.797363 0.000000 0.663614 0.000000 -0.748075 1.118159 1.118159 1.118159
21.243515 0.000000 2461.759033 0.000000 0.962096 0.000000 -0.272709 1.030341 1.030341 1.030341
15.779640 0.000000 2462.034424 0.000000 0.385975 0.000000 -0.922509 1.164207 1.164207 1.164207
11.551578 0.000000 2459.844971 0.000000 0.567531 0.000000 -0.823352 1.094181 1.094181 1.094181
31.278961 0.000000 2456.127441 0.000000 0.972589 0.000000 -0.232532 1.013476 1.013476 1.013476
15.835384 0.000000 2469.607422 0.000000 0.997237 0.000000 0.074281 0.994803 0.994803 0.994803
18.168835 0.000000 2459.564453 0.000000 0.521691 0.000000 -0.853135 1.066336 1.066336 1.066336
7.868396 0.000000 2464.473389 0.000000 0.993391 0.000000 -0.114779 1.009764 1.009764 1.009764
11.495875 0.000000 2463.585693 0.000000 0.776258 0.000000 -0.630415 1.069818 1.069818 1.069818
14.119540 0.000000 2462.935791 0.000000 0.386220 0.000000 -0.922407 1.164170 1.164170 1.164170
19.845219 0.000000 2464.936523 0.000000 0.907176 0.000000 -0.420752 1.049873 1.049873 1.049873
9.983713 0.000000 2466.958252 0.000000 0.993645 0.000000 -0.112563 1.019150 1.019150 1.019150
10.632683 0.000000 2458.386230 0.000000 0.839431 0.000000 -0.543466 1.055942 1.055942 1.055942
0.254624 0.000000 2478.202881 0.000000 0.703953 0.000000 -0.710246 1.082819 1.082819 1.082819
3.884964 0.000000 2466.429443 0.000000 0.356080 0.000000 -0.934456 1.153645 1.153645 1.153645
16.714743 0.000000 2460.641846 0.000000 0.096482 0.000000 -0.995335 1.235541 1.235541 1.235541
6.639858 0.000000 2466.701904 0.000000 0.820494 0.000000 -0.571654 1.094190 1.094190 1.094190
6.472630 0.000000 2470.134277 0.000000 0.992351 0.000000 -0.123452 1.014832 1.014832 1.014832
8.564862 0.000000 2467.977295 0.000000 0.452476 0.000000 -0.891776 1.186955 1.186955 1.186955
15.245920 0.000000 2460.398193 0.000000 0.992724 0.000000 -0.120416 1.020191 1.020191 1.020191
12.756339 0.000000 2468.471924 0.000000 0.976629 0.000000 -0.214931 1.028122 1.028122 1.028122
0.806416 0.000000 2469.952881 0.000000 0.462557 0.000000 -0.886589 1.106120 1.106120 1.106120
12.607350 0.000000 2462.478516 0.000000 0.954351 0.000000 -0.298686 1.040134 1.040134 1.040134
21.525696 0.000000 2460.030029 0.000000 0.998854 0.000000 0.047863 0.994740 0.994740 0.994740
19.243320 0.000000 2461.310791 0.000000 0.384580 0.000000 -0.923092 1.161483 1.161483 1.161483
21.935091 0.000000 2465.234619 0.000000 0.144085 0.000000 -0.989565 1.213636 1.213636 1.213636
5.803096 0.000000 2468.865234 0.000000 0.995877 0.000000 -0.090719 1.016102 1.016102 1.016102
22.672626 0.000000 2463.566162 0.000000 0.564631 0.000000 -0.825343 1.133302 1.133302 1.133302
3.710770 0.000000 2470.647949 0.000000 0.689672 0.000000 -0.724122 1.090972 1.090972 1.090972
4.315060 0.000000 2468.360107 0.000000 0.610175 0.000000 -0.792267 1.162102 1.162102 1.162102
12.771882 0.000000 2459.416260 0.000000 0.492803 0.000000 -0.870141 1.134389 1.134389 1.134389
9.947075 0.000000 2468.231934 0.000000 0.350179 0.000000 -0.936683 1.215016 1.215016 1.215016
7.496740 0.000000 2467.506836 0.000000 0.673013 0.000000 -0.739630 1.128863 1.128863 1.128863
6.350896 0.000000 2467.812012 0.000000 0.035799 0.000000 -0.999359 1.237595 1.237595 1.237595
41.607666 0.000000 2447.275146 0.000000 0.974458 0.000000 -0.224569 1.016964 1.016964 1.016964
58.546482 0.000000 2468.791260 0.000000 0.806386 0.000000 -0.591390 1.011058 1.011058 1.011058
37.512402 0.000000 2461.605225 0.000000 0.725282 0.000000 -0.688452 1.030332 1.030332 1.030332
35.069534 0.000000 2452.932861 0.000000 0.128457 0.000000 -0.991715 1.154799 1.154799 1.154799
48.273506 0.000000 2446.157227 0.000000 0.454085 0.000000 -0.890958 1.274483 1.274483 1.274483
48.403000 0.000000 2451.979248 0.000000 0.711250 0.000000 -0.702940 1.081737 1.081737 1.081737
62.182133 0.000000 2464.531738 0.000000 0.787329 0.000000 -0.616532 1.114439 1.114439 1.114439
61.621944 0.000000 2440.011475 0.000000 0.332914 0.000000 -0.942957 1.209050 1.209050 1.209050
50.506119 0.000000 2441.703613 0.000000 0.909919 0.000000 -0.414787 1.013881 1.013881 1.013881
44.272160 0.000000 2443.427490 0.000000 0.992974 0.000000 -0.118330 1.010068 1.010068 1.010068
56.354359 0.000000 2444.655762 0.000000 0.946435 0.000000 -0.322895 1.012313 1.012313 1.012313
44.400490 0.000000 2450.822510 0.000000 0.095100 0.000000 -0.995468 1.246814 1.246814 1.246814
52.296074 0.000000 2445.378418 0.000000 0.999610 0.000000 -0.027917 1.003416 1.003416 1.003416
50.890129 0.000000 2449.027588 0.000000 0.836243 0.000000 -0.548359 1.099981 1.099981 1.099981
62.253372 0.000000 2469.442139 0.000000 0.776911 0.000000 -0.629610 1.069711 1.069711 1.069711
37.503746 0.000000 2448.583008 0.000000 0.724580 0.000000 -0.689191 1.022780 1.022780 1.022780
58.604095 0.000000 2441.926270 0.000000 0.753246 0.000000 -0.657738 1.111107 1.111107 1.111107
45.044079 0.000000 2447.425781 0.000000 0.572333 0.000000 -0.820021 1.184823 1.184823 1.184823
47.525238 0.000000 2442.885010 0.000000 0.068392 0.000000 -0.997659 1.172532 1.172532 1.172532
62.640587 0.000000 2458.282715 0.000000 0.997555 0.000000 -0.069884 1.002270 1.002270 1.002270
45.863304 0.000000 2453.304443 0.000000 0.984242 0.000000 -0.176824 1.023964 1.023964 1.023964
47.825569 0.000000 2449.025635 0.000000 0.999980 0.000000 0.006281 0.998777 0.998777 0.998777
34.782246 0.000000 2455.744385 0.000000 0.850097 0.000000 -0.526626 1.084464 1.084464 1.084464
42.153606 0.000000 2452.475586 0.000000 0.755137 0.000000 -0.655567 1.119586 1.119586 1.119586
60.076748 0.000000 2462.643555 0.000000 0.425180 0.000000 -0.905109 1.197763 1.197763 1.197763
41.651592 0.000000 2444.251221 0.000000 0.997995 0.000000 -0.063299 1.003005 1.003005 1.003005
41.366230 0.000000 2456.918457 0.000000 0.760207 0.000000 -0.649682 1.070619 1.070619 1.070619
57.440056 0.000000 2460.949463 0.000000 0.981555 0.000000 -0.191179 1.014407 1.014407 1.014407
62.563084 0.000000 2442.714111 0.000000 0.922163 0.000000 -0.386803 1.041644 1.041644 1.041644
49.889336 0.000000 2444.274658 0.000000 0.873796 0.000000 -0.486292 1.109035 1.109035 1.109035
40.422703 0.000000 2454.385254 0.000000 0.871411 0.000000 -0.490554 1.080643 1.080643 1.080643
46.054916 0.000000 2445.201660 0.000000 0.996617 0.000000 0.082182 0.983362 0.983362 0.983362
50.829247 0.000000 2451.401123 0.000000 0.996509 0.000000 -0.083491 1.007095 1.007095 1.007095
52.959156 0.000000 2450.437500 0.000000 0.865974 0.000000 -0.500089 1.031379 1.031379 1.031379
52.702560 0.000000 2447.619629 0.000000 0.841912 0.000000 -0.539615 1.091071 1.091071 1.091071
60.636688 0.000000 2467.728760 0.000000 0.724250 0.000000 -0.689537 1.074080 1.074080 1.074080
37.338684 0.000000 2451.119629 0.000000 0.805941 0.000000 -0.591996 1.049031 1.049031 1.049031
46.466141 0.000000 2450.742432 0.000000 0.996341 0.000000 -0.085464 1.011536 1.011536 1.011536
36.718315 0.000000 2456.703857 0.000000 0.385171 0.000000 -0.922845 1.193674 1.193674 1.193674
33.069901 0.000000 2456.733643 0.000000 0.688112 0.000000 -0.725604 1.093241 1.093241 1.093241
57.309505 0.000000 2440.268066 0.000000 0.707011 0.000000 -0.707202 1.074523 1.074523 1.074523
47.726753 0.000000 2453.814209 0.000000 0.285901 0.000000 -0.958259 1.111920 1.111920 1.111920
54.137428 0.000000 2444.361572 0.000000 0.999722 0.000000 -0.023589 1.001472 1.001472 1.001472
43.704292 0.000000 2448.782227 0.000000 0.771082 0.000000 -0.636735 1.106842 1.106842 1.106842
49.248287 0.000000 2450.263916 0.000000 0.510416 0.000000 -0.859928 1.108538 1.108538 1.108538
36.423862 0.000000 2454.854248 0.000000 0.895850 0.000000 -0.444357 1.081618 1.081618 1.081618
43.314449 0.000000 2456.822510 0.000000 0.159254 0.000000 -0.987238 1.102146 1.102146 1.102146
46.875122 0.000000 2447.420654 0.000000 0.967319 0.000000 -0.253564 1.061442 1.061442 1.061442
45.580513 0.000000 2449.187500 0.000000 0.290660 0.000000 -0.956827 1.238897 1.238897 1.238897
49.115238 0.000000 2447.762695 0.000000 0.345193 0.000000 -0.938532 1.304168 1.304168 1.304168
45.784851 0.000000 2442.556152 0.000000 0.567754 0.000000 -0.823198 1.082083 1.082083 1.082083
61.337151 0.000000 2466.156006 0.000000 0.999940 0.000000 -0.011000 1.001071 1.001071 1.001071
47.628582 0.000000 2444.591553 0.000000 0.999926 0.000000 -0.012133 1.002454 1.002454 1.002454
60.546844 0.000000 2464.430664 0.000000 0.999349 0.000000 0.036087 0.994413 0.994413 0.994413
37.808556 0.000000 2457.888916 0.000000 0.582063 0.000000 -0.813143 1.156456 1.156456 1.156456
41.754635 0.000000 2455.384766 0.000000 0.212170 0.000000 -0.977233 1.213433 1.213433 1.213433
40.580570 0.000000 2452.717773 0.000000 0.017974 0.000000 -0.999838 1.271369 1.271369 1.271369
61.650848 0.000000 2462.891113 0.000000 0.459601 0.000000 -0.888125 1.191055 1.191055 1.191055
60.853703 0.000000 2461.306641 0.000000 0.880424 0.000000 -0.474187 1.061670 1.061670 1.061670
38.812050 0.000000 2454.586182 0.000000 0.986674 0.000000 -0.162707 1.028561 1.028561 1.028561
59.100281 0.000000 2463.887207 0.000000 0.739213 0.000000 -0.673471 1.106992 1.106992 1.106992
59.395149 0.000000 2443.804443 0.000000 0.101052 0.000000 -0.994881 1.161430 1.161430 1.161430
44.575912 0.000000 2444.918457 0.000000 0.192276 0.000000 -0.981341 1.220066 1.220066 1.220066
40.176834 0.000000 2455.918945 0.000000 0.449821 0.000000 -0.893119 1.173676 1.173676 1.173676
42.915882 0.000000 2451.055908 0.000000 0.460369 0.000000 -0.887728 1.188176 1.188176 1.188176
39.075939 0.000000 2452.933838 0.000000 0.837716 0.000000 -0.546106 1.095190 1.095190 1.095190
48.982277 0.000000 2443.078857 0.000000 0.849960 0.000000 -0.526847 1.066494 1.066494 1.066494
59.408905 0.000000 2461.241211 0.000000 0.999509 0.000000 0.031329 0.996323 0.996323 0.996323
45.425339 0.000000 2451.826660 0.000000 0.593898 0.000000 -0.804541 1.156380 1.156380 1.156380
43.258362 0.000000 2447.401611 0.000000 0.938754 0.000000 -0.344587 1.045671 1.045671 1.045671
47.836151 0.000000 2450.452393 0.000000 0.609122 0.000000 -0.793076 1.123468 1.123468 1.123468
46.425148 0.000000 2443.818359 0.000000 0.496778 0.000000 -0.867878 1.120688 1.120688 1.120688
58.267769 0.000000 2465.066406 0.000000 0.934115 0.000000 -0.356972 1.040097 1.040097 1.040097
50.934029 0.000000 2445.178711 0.000000 0.990905 0.000000 -0.134564 1.024935 1.024935 1.024935
42.351833 0.000000 2448.442627 0.000000 0.913885 0.000000 -0.405973 1.064707 1.064707 1.064707
61.534019 0.000000 2443.690186 0.000000 0.989762 0.000000 -0.142726 1.018950 1.018950 1.018950
36.432999 0.000000 2452.811523 0.000000 0.947674 0.000000 -0.319240 1.046238 1.046238 1.046238
51.259972 0.000000 2447.683105 0.000000 0.723649 0.000000 -0.690169 1.171151 1.171151 1.171151
53.179020 0.000000 2446.385986 0.000000 0.998071 0.000000 0.062083 0.990074 0.990074 0.990074
46.946022 0.000000 2446.134033 0.000000 0.225984 0.000000 -0.974131 1.321837 1.321837 1.321837
49.293655 0.000000 2445.393311 0.000000 0.779561 0.000000 -0.626326 1.145318 1.145318 1.145318
35.036644 0.000000 2454.345459 0.000000 0.735493 0.000000 -0.677533 1.113365 1.113365 1.113365
46.724724 0.000000 2449.564697 0.000000 0.822983 0.000000 -0.568066 1.117647 1.117647 1.117647
50.994987 0.000000 2444.072266 0.000000 0.494502 0.000000 -0.869177 1.194635 1.194635 1.194635
48.785660 0.000000 2444.298096 0.000000 0.839499 0.000000 -0.543361 1.123333 1.123333 1.123333
44.193642 0.000000 2446.661865 0.000000 0.463476 0.000000 -0.886110 1.209321 1.209321 1.209321
49.327705 0.000000 2446.514648 0.000000 0.836727 0.000000 -0.547620 1.144679 1.144679 1.144679
74.466072 0.000000 2475.945312 0.000000 0.766986 0.000000 -0.641664 1.010436 1.010436 1.010436
65.457184 0.000000 2439.650635 0.000000 0.418507 0.000000 -0.908213 1.045497 1.045497 1.045497
64.290321 0.000000 2471.483887 0.000000 0.762846 0.000000 -0.646581 1.094787 1.094787 1.094787
82.822723 0.000000 2474.600586 0.000000 0.999530 0.000000 -0.030663 1.005053 1.005053 1.005053
71.202393 0.000000 2468.783936 0.000000 0.447857 0.000000 -0.894105 1.080105 1.080105 1.080105
67.296890 0.000000 2445.796387 0.000000 0.136811 0.000000 -0.990597 1.010737 1.010737 1.010737
64.090881 0.000000 2464.545410 0.000000 0.809647 0.000000 -0.586917 1.098655 1.098655 1.098655
67.822617 0.000000 2476.452393 0.000000 0.977579 0.000000 -0.210567 1.007945 1.007945 1.007945
66.970230 0.000000 2467.909668 0.000000 0.998859 0.000000 0.047762 0.992485 0.992485 0.992485
64.137589 0.000000 2443.537354 0.000000 0.111045 0.000000 -0.993815 1.087450 1.087450 1.087450
82.602798 0.000000 2479.027344 0.000000 0.175691 0.000000 -0.984445 1.205359 1.205359 1.205359
71.060349 0.000000 2477.775146 0.000000 0.999556 0.000000 -0.029795 1.000744 1.000744 1.000744
64.373055 0.000000 2475.952881 0.000000 0.607918 0.000000 -0.794000 1.048095 1.048095 1.048095
67.163849 0.000000 2464.871826 0.000000 0.227788 0.000000 -0.973711 1.137262 1.137262 1.137262
84.394875 0.000000 2472.155518 0.000000 0.293268 0.000000 -0.956030 1.184352 1.184352 1.184352
80.100029 0.000000 2473.951416 0.000000 0.304071 0.000000 -0.952649 1.144910 1.144910 1.144910
64.283806 0.000000 2468.335693 0.000000 0.999885 0.000000 -0.015178 1.002539 1.002539 1.002539
66.258713 0.000000 2470.217529 0.000000 0.109265 0.000000 -0.994013 1.259025 1.259025 1.259025
83.726227 0.000000 2476.850830 0.000000 0.956140 0.000000 -0.292911 1.046755 1.046755 1.046755
73.452469 0.000000 2473.849121 0.000000 0.779847 0.000000 -0.625970 1.030395 1.030395 1.030395
64.160439 0.000000 2473.738037 0.000000 0.370940 0.000000 -0.928657 1.115940 1.115940 1.115940
65.380302 0.000000 2466.389893 0.000000 0.805120 0.000000 -0.593112 1.118883 1.118883 1.118883
64.068985 0.000000 2441.383301 0.000000 0.713959 0.000000 -0.700188 1.050348 1.050348 1.050348
78.421608 0.000000 2474.701416 0.000000 0.999614 0.000000 -0.027793 1.002151 1.002151 1.002151
84.414146 0.000000 2475.155029 0.000000 0.886741 0.000000 -0.462266 1.077981 1.077981 1.077981
80.475830 0.000000 2475.581299 0.000000 0.734762 0.000000 -0.678325 1.094918 1.094918 1.094918
70.457001 0.000000 2470.134277 0.000000 0.985953 0.000000 -0.167022 1.016339 1.016339 1.016339
78.286446 0.000000 2477.953613 0.000000 0.849632 0.000000 -0.527376 1.054087 1.054087 1.054087
65.768860 0.000000 2468.842529 0.000000 0.086389 0.000000 -0.996261 1.248277 1.248277 1.248277
67.403198 0.000000 2469.325684 0.000000 0.447090 0.000000 -0.894489 1.201801 1.201801 1.201801
82.587349 0.000000 2475.986572 0.000000 0.732159 0.000000 -0.681134 1.123465 1.123465 1.123465
81.432281 0.000000 2474.468262 0.000000 0.459700 0.000000 -0.888074 1.139183 1.139183 1.139183
85.137871 0.000000 2473.182373 0.000000 0.949791 0.000000 -0.312885 1.046080 1.046080 1.046080
82.896065 0.000000 2473.297119 0.000000 0.988112 0.000000 -0.153734 1.024276 1.024276 1.024276
3.312515 0.000000 2485.780762 0.000000 0.571706 0.000000 -0.820458 1.033631 1.033631 1.033631
6.737390 0.000000 2496.157227 0.000000 0.947904 0.000000 -0.318558 1.045326 1.045326 1.045326
7.535526 0.000000 2491.486084 0.000000 0.456427 0.000000 -0.889761 1.071195 1.071195 1.071195
0.186281 0.000000 2489.460938 0.000000 0.341081 0.000000 -0.940034 1.189261 1.189261 1.189261
9.463957 0.000000 2499.750732 0.000000 0.602703 0.000000 -0.797966 1.066891 1.066891 1.066891
0.153217 0.000000 2483.521729 0.000000 0.710981 0.000000 -0.703212 1.048677 1.048677 1.048677
5.511558 0.000000 2488.567383 0.000000 0.919133 0.000000 -0.393948 1.039425 1.039425 1.039425
2.094814 0.000000 2501.585938 0.000000 0.701069 0.000000 -0.713093 1.033694 1.033694 1.033694
3.128851 0.000000 2490.180664 0.000000 0.540071 0.000000 -0.841620 1.189790 1.189790 1.189790
9.374043 0.000000 2496.902832 0.000000 0.980199 0.000000 -0.198016 1.013934 1.013934 1.013934
5.695445 0.000000 2493.501709 0.000000 0.348516 0.000000 -0.937303 1.194101 1.194101 1.194101
1.014652 0.000000 2487.017578 0.000000 0.689935 0.000000 -0.723871 1.082849 1.082849 1.082849
7.888756 0.000000 2489.091553 0.000000 0.512126 0.000000 -0.858910 1.043848 1.043848 1.043848
19.741854 0.000000 2516.835205 0.000000 0.738095 0.000000 -0.674697 1.035128 1.035128 1.035128
0.084612 0.000000 2481.367676 0.000000 0.778793 0.000000 -0.627281 1.067712 1.067712 1.067712
1.077712 0.000000 2496.718018 0.000000 0.865052 0.000000 -0.501682 1.040673 1.040673 1.040673
21.015739 0.000000 2518.150146 0.000000 0.970606 0.000000 -0.240675 1.030948 1.030948 1.030948
7.749702 0.000000 2497.656982 0.000000 0.993922 0.000000 -0.110083 1.015422 1.015422 1.015422
5.338159 0.000000 2499.967529 0.000000 0.990282 0.000000 -0.139077 1.019507 1.019507 1.019507
25.983683 0.000000 2518.306641 0.000000 0.841991 0.000000 -0.539491 1.062595 1.062595 1.062595
2.314194 0.000000 2497.854736 0.000000 0.999838 0.000000 -0.018022 1.002610 1.002610 1.002610
5.816368 0.000000 2497.873291 0.000000 0.962212 0.000000 -0.272300 1.050261 1.050261 1.050261
3.823061 0.000000 2491.545654 0.000000 0.469419 0.000000 -0.882975 1.205327 1.205327 1.205327
1.301930 0.000000 2488.480713 0.000000 0.886498 0.000000 -0.462732 1.074464 1.074464 1.074464
2.422255 0.000000 2491.647217 0.000000 0.994100 0.000000 -0.108464 1.020620 1.020620 1.020620
4.440812 0.000000 2492.795898 0.000000 0.998333 0.000000 -0.057718 1.009227 1.009227 1.009227
1.704231 0.000000 2492.810059 0.000000 0.896540 0.000000 -0.442963 1.058429 1.058429 1.058429
0.078086 0.000000 2488.089844 0.000000 0.946552 0.000000 -0.322552 1.050835 1.050835 1.050835
2.283122 0.000000 2489.224854 0.000000 0.312431 0.000000 -0.949940 1.193954 1.193954 1.193954
59.957073 0.000000 2499.865723 0.000000 0.336129 0.000000 -0.941816 1.125695 1.125695 1.125695
56.601265 0.000000 2494.894287 0.000000 0.900152 0.000000 -0.435577 1.007876 1.007876 1.007876
45.930077 0.000000 2512.187744 0.000000 0.957361 0.000000 -0.288896 1.007317 1.007317 1.007317
61.621944 0.000000 2479.995850 0.000000 0.884623 0.000000 -0.466306 1.016955 1.016955 1.016955
46.909985 0.000000 2516.482422 0.000000 0.129561 0.000000 -0.991571 1.197846 1.197846 1.197846
50.610607 0.000000 2519.011719 0.000000 0.718304 0.000000 -0.695730 1.111414 1.111414 1.111414
54.115318 0.000000 2516.621338 0.000000 0.997352 0.000000 -0.072723 1.001635 1.001635 1.001635
58.604095 0.000000 2481.910645 0.000000 0.924007 0.000000 -0.382376 1.008816 1.008816 1.008816
62.747589 0.000000 2501.422607 0.000000 0.765278 0.000000 -0.643700 1.125704 1.125704 1.125704
57.921928 0.000000 2497.614990 0.000000 0.177064 0.000000 -0.984199 1.052158 1.052158 1.052158
48.107841 0.000000 2513.935791 0.000000 0.906335 0.000000 -0.422559 1.017427 1.017427 1.017427
60.076748 0.000000 2502.627930 0.000000 0.081259 0.000000 -0.996693 1.163613 1.163613 1.163613
57.440056 0.000000 2500.933838 0.000000 0.900474 0.000000 -0.434910 1.015726 1.015726 1.015726
44.697723 0.000000 2517.947266 0.000000 0.906888 0.000000 -0.421371 1.033663 1.033663 1.033663
53.911125 0.000000 2514.191406 0.000000 0.849559 0.000000 -0.527493 1.022195 1.022195 1.022195
51.734039 0.000000 2516.835205 0.000000 0.503257 0.000000 -0.864137 1.151089 1.151089 1.151089
60.523518 0.000000 2497.717529 0.000000 0.673817 0.000000 -0.738899 1.078877 1.078877 1.078877
63.599247 0.000000 2479.125977 0.000000 0.506193 0.000000 -0.862420 1.057123 1.057123 1.057123
63.271149 0.000000 2496.111816 0.000000 0.743437 0.000000 -0.668806 1.060356 1.060356 1.060356
47.935638 0.000000 2518.031250 0.000000 0.680958 0.000000 -0.732322 1.116934 1.116934 1.116934
63.190403 0.000000 2480.882568 0.000000 0.426113 0.000000 -0.904670 1.118550 1.118550 1.118550
58.437950 0.000000 2499.307617 0.000000 0.965623 0.000000 -0.259945 1.026917 1.026917 1.026917
61.862206 0.000000 2496.820801 0.000000 0.381880 0.000000 -0.924212 1.111847 1.111847 1.111847
60.853703 0.000000 2501.291016 0.000000 0.794387 0.000000 -0.607412 1.104304 1.104304 1.104304
49.440094 0.000000 2514.452637 0.000000 0.462836 0.000000 -0.886444 1.125131 1.125131 1.125131
51.897766 0.000000 2518.752197 0.000000 0.458061 0.000000 -0.888921 1.158553 1.158553 1.158553
31.459743 0.000000 2531.474121 0.000000 0.187675 0.000000 -0.982231 1.058654 1.058654 1.058654
23.404892 0.000000 2519.675781 0.000000 0.880049 0.000000 -0.474883 1.074122 1.074122 1.074122
18.931166 0.000000 2537.360840 0.000000 0.789777 0.000000 -0.613394 1.001649 1.001649 1.001649
1.472813 0.000000 2519.619385 0.000000 0.990735 0.000000 -0.135810 1.000680 1.000680 1.000680
22.652534 0.000000 2528.807617 0.000000 0.976178 0.000000 -0.216969 1.030577 1.030577 1.030577
3.077347 0.000000 2532.901611 0.000000 0.195852 0.000000 -0.980633 1.078877 1.078877 1.078877
28.934336 0.000000 2524.930176 0.000000 0.960356 0.000000 -0.278777 1.007053 1.007053 1.007053
16.281321 0.000000 2526.125977 0.000000 0.818583 0.000000 -0.574388 1.006110 1.006110 1.006110
0.106506 0.000000 2544.514160 0.000000 0.324203 0.000000 -0.945987 1.099113 1.099113 1.099113
20.499454 0.000000 2549.268799 0.000000 0.936353 0.000000 -0.351059 1.014328 1.014328 1.014328
18.513933 0.000000 2521.672363 0.000000 0.354531 0.000000 -0.935044 1.072403 1.072403 1.072403
7.535526 0.000000 2531.470459 0.000000 0.581087 0.000000 -0.813841 1.080701 1.080701 1.080701
20.303888 0.000000 2525.347168 0.000000 0.900936 0.000000 -0.433953 1.020172 1.020172 1.020172
18.618420 0.000000 2558.996094 0.000000 0.643193 0.000000 -0.765704 1.052256 1.052256 1.052256
18.897943 0.000000 2528.996338 0.000000 0.998665 0.000000 -0.051662 1.003226 1.003226 1.003226
4.113858 0.000000 2522.234131 0.000000 0.378825 0.000000 -0.925468 1.150531 1.150531 1.150531
6.896042 0.000000 2524.557617 0.000000 0.625230 0.000000 -0.780441 1.163179 1.163179 1.163179
26.163107 0.000000 2527.369629 0.000000 0.981031 0.000000 -0.193850 1.019482 1.019482 1.019482
3.179477 0.000000 2544.840576 0.000000 0.488984 0.000000 -0.872293 1.031752 1.031752 1.031752
16.115654 0.000000 2553.920166 0.000000 0.617005 0.000000 -0.786959 1.038446 1.038446 1.038446
20.671206 0.000000 2519.841064 0.000000 0.308348 0.000000 -0.951274 1.160089 1.160089 1.160089
9.659406 0.000000 2524.219971 0.000000 0.924694 0.000000 -0.380712 1.052654 1.052654 1.052654
3.128851 0.000000 2530.165039 0.000000 0.999382 0.000000 -0.035164 1.004566 1.004566 1.004566
26.912281 0.000000 2533.454102 0.000000 0.999946 0.000000 -0.010421 1.001015 1.001015 1.001015
1.014652 0.000000 2527.001953 0.000000 0.999852 0.000000 0.017229 0.997548 0.997548 0.997548
10.076600 0.000000 2529.841553 0.000000 0.298332 0.000000 -0.954462 1.053809 1.053809 1.053809
29.186386 0.000000 2532.512207 0.000000 0.806041 0.000000 -0.591860 1.041112 1.041112 1.041112
25.679554 0.000000 2553.925293 0.000000 0.645027 0.000000 -0.764160 1.082511 1.082511 1.082511
24.948759 0.000000 2529.395264 0.000000 0.612801 0.000000 -0.790237 1.145590 1.145590 1.145590
7.888756 0.000000 2529.075928 0.000000 0.580247 0.000000 -0.814441 1.121182 1.121182 1.121182
22.525475 0.000000 2526.191406 0.000000 0.446490 0.000000 -0.894789 1.102345 1.102345 1.102345
20.710371 0.000000 2527.588379 0.000000 0.887737 0.000000 -0.460351 1.025081 1.025081 1.025081
1.395925 0.000000 2546.358643 0.000000 0.175397 0.000000 -0.984498 1.083554 1.083554 1.083554
6.323571 0.000000 2522.418213 0.000000 0.628830 0.000000 -0.777543 1.126756 1.126756 1.126756
26.814592 0.000000 2535.624512 0.000000 0.610349 0.000000 -0.792133 1.045652 1.045652 1.045652
0.108566 0.000000 2542.365967 0.000000 0.539421 0.000000 -0.842036 1.069977 1.069977 1.069977
23.874498 0.000000 2555.204346 0.000000 0.918340 0.000000 -0.395793 1.072131 1.072131 1.072131
28.197535 0.000000 2526.849609 0.000000 0.891262 0.000000 -0.453488 1.024676 1.024676 1.024676
29.272997 0.000000 2530.388916 0.000000 0.974047 0.000000 -0.226347 1.021661 1.021661 1.021661
27.696983 0.000000 2528.872803 0.000000 0.975328 0.000000 -0.220761 1.031120 1.031120 1.031120
24.229618 0.000000 2527.272705 0.000000 0.736026 0.000000 -0.676953 1.085398 1.085398 1.085398
8.125743 0.000000 2523.157715 0.000000 0.905008 0.000000 -0.425394 1.041685 1.041685 1.041685
18.736092 0.000000 2519.822510 0.000000 0.416277 0.000000 -0.909238 1.082641 1.082641 1.082641
1.112389 0.000000 2525.134033 0.000000 0.210073 0.000000 -0.977686 1.115368 1.115368 1.115368
8.532601 0.000000 2525.655029 0.000000 0.793307 0.000000 -0.608821 1.088245 1.088245 1.088245
6.402034 0.000000 2520.605713 0.000000 0.903339 0.000000 -0.428927 1.030988 1.030988 1.030988
27.983587 0.000000 2520.741699 0.000000 0.502262 0.000000 -0.864716 1.078236 1.078236 1.078236
22.083853 0.000000 2531.724365 0.000000 0.689178 0.000000 -0.724592 1.139608 1.139608 1.139608
20.429770 0.000000 2555.123779 0.000000 0.179183 0.000000 -0.983816 1.229139 1.229139 1.229139
20.259554 0.000000 2521.613770 0.000000 0.998351 0.000000 -0.057402 1.007313 1.007313 1.007313
6.569468 0.000000 2530.085449 0.000000 0.150558 0.000000 -0.988601 1.120505 1.120505 1.120505
22.083612 0.000000 2552.397949 0.000000 0.837245 0.000000 -0.546828 1.088110 1.088110 1.088110
25.734518 0.000000 2531.727539 0.000000 0.693286 0.000000 -0.720663 1.144656 1.144656 1.144656
27.655893 0.000000 2532.120117 0.000000 0.977522 0.000000 -0.210833 1.020683 1.020683 1.020683
1.301930 0.000000 2528.465088 0.000000 0.700243 0.000000 -0.713905 1.142913 1.142913 1.142913
4.603685 0.000000 2529.776367 0.000000 0.969148 0.000000 -0.246480 1.041658 1.041658 1.041658
26.347578 0.000000 2529.386475 0.000000 0.993952 0.000000 -0.109814 1.015384 1.015384 1.015384
21.965322 0.000000 2519.229248 0.000000 0.808834 0.000000 -0.588037 1.080040 1.080040 1.080040
2.422255 0.000000 2531.631592 0.000000 0.180569 0.000000 -0.983562 1.180351 1.180351 1.180351
23.282728 0.000000 2553.861328 0.000000 0.981542 0.000000 -0.191245 1.029305 1.029305 1.029305
6.814070 0.000000 2528.200684 0.000000 0.939230 0.000000 -0.343288 1.044616 1.044616 1.044616
20.203924 0.000000 2531.521973 0.000000 0.208110 0.000000 -0.978105 1.183502 1.183502 1.183502
5.818509 0.000000 2527.284424 0.000000 0.961600 0.000000 -0.274453 1.050669 1.050669 1.050669
22.518200 0.000000 2555.322266 0.000000 0.968493 0.000000 -0.249040 1.044613 1.044613 1.044613
4.006452 0.000000 2528.631836 0.000000 0.446406 0.000000 -0.894830 1.185342 1.185342 1.185342
22.891151 0.000000 2521.849365 0.000000 0.140767 0.000000 -0.990043 1.249828 1.249828 1.249828
24.866302 0.000000 2530.705078 0.000000 0.918715 0.000000 -0.394922 1.072976 1.072976 1.072976
6.004297 0.000000 2523.652100 0.000000 0.893274 0.000000 -0.449513 1.066345 1.066345 1.066345
23.204723 0.000000 2557.192383 0.000000 0.789365 0.000000 -0.613924 1.110568 1.110568 1.110568
25.185999 0.000000 2528.112061 0.000000 0.132254 0.000000 -0.991216 1.229787 1.229787 1.229787
25.422525 0.000000 2521.575928 0.000000 0.744933 0.000000 -0.667139 1.105756 1.105756 1.105756
20.926300 0.000000 2556.272949 0.000000 0.759102 0.000000 -0.650971 1.107952 1.107952 1.107952
5.715865 0.000000 2524.956543 0.000000 0.745188 0.000000 -0.666854 1.123925 1.123925 1.123925
25.931227 0.000000 2530.439697 0.000000 0.194515 0.000000 -0.980900 1.247164 1.247164 1.247164
46.330231 0.000000 2519.055176 0.000000 0.945040 0.000000 -0.326954 1.047398 1.047398 1.047398
43.412819 0.000000 2534.972412 0.000000 0.766310 0.000000 -0.642471 1.015677 1.015677 1.015677
48.273506 0.000000 2526.125977 0.000000 0.293388 0.000000 -0.955993 1.139840 1.139840 1.139840
40.113117 0.000000 2521.154541 0.000000 0.384198 0.000000 -0.923251 1.014685 1.014685 1.014685
44.272160 0.000000 2523.396240 0.000000 0.992914 0.000000 -0.118835 1.013977 1.013977 1.013977
52.296074 0.000000 2525.347168 0.000000 0.967848 0.000000 -0.251537 1.010157 1.010157 1.010157
53.772167 0.000000 2522.467773 0.000000 0.793043 0.000000 -0.609165 1.035976 1.035976 1.035976
45.863304 0.000000 2533.273193 0.000000 0.263992 0.000000 -0.964525 1.068347 1.068347 1.068347
42.153606 0.000000 2532.444336 0.000000 0.671705 0.000000 -0.740819 1.060402 1.060402 1.060402
52.663391 0.000000 2519.841064 0.000000 0.330379 0.000000 -0.943848 1.104753 1.104753 1.104753
42.068787 0.000000 2529.841553 0.000000 0.978828 0.000000 -0.204685 1.034996 1.034996 1.034996
49.889336 0.000000 2524.243408 0.000000 0.296769 0.000000 -0.954949 1.174314 1.174314 1.174314
44.806870 0.000000 2520.995605 0.000000 0.958533 0.000000 -0.284980 1.027416 1.027416 1.027416
46.054916 0.000000 2525.170410 0.000000 0.923837 0.000000 -0.382786 1.062763 1.062763 1.062763
42.453232 0.000000 2521.820801 0.000000 0.628402 0.000000 -0.777888 1.037828 1.037828 1.037828
39.880943 0.000000 2529.075928 0.000000 0.198460 0.000000 -0.980109 1.171140 1.171140 1.171140
39.136417 0.000000 2526.885498 0.000000 0.999476 0.000000 0.032381 0.996847 0.996847 0.996847
43.381226 0.000000 2525.781982 0.000000 0.227471 0.000000 -0.973785 1.147341 1.147341 1.147341
50.423332 0.000000 2526.502686 0.000000 0.757972 0.000000 -0.652287 1.040803 1.040803 1.040803
51.844406 0.000000 2523.285156 0.000000 0.826746 0.000000 -0.562576 1.068617 1.068617 1.068617
47.082726 0.000000 2520.931396 0.000000 0.139436 0.000000 -0.990231 1.214339 1.214339 1.214339
37.314247 0.000000 2526.055176 0.000000 0.149864 0.000000 -0.988707 1.081558 1.081558 1.081558
50.728279 0.000000 2519.822510 0.000000 0.939568 0.000000 -0.342363 1.050598 1.050598 1.050598
46.875122 0.000000 2527.389404 0.000000 0.142760 0.000000 -0.989757 1.220964 1.220964 1.220964
45.580513 0.000000 2529.156250 0.000000 0.810987 0.000000 -0.585065 1.096735 1.096735 1.096735
49.115238 0.000000 2527.731445 0.000000 0.286253 0.000000 -0.958154 1.140658 1.140658 1.140658
45.784851 0.000000 2522.524902 0.000000 0.691713 0.000000 -0.722172 1.094684 1.094684 1.094684
48.744560 0.000000 2521.589111 0.000000 0.183484 0.000000 -0.983023 1.235340 1.235340 1.235340
38.561657 0.000000 2530.085449 0.000000 0.999950 0.000000 -0.009988 1.000973 1.000973 1.000973
41.096203 0.000000 2531.130371 0.000000 0.171089 0.000000 -0.985256 1.188586 1.188586 1.188586
48.982277 0.000000 2523.047607 0.000000 0.999324 0.000000 0.036762 0.994033 0.994033 0.994033
45.425339 0.000000 2531.795410 0.000000 0.637832 0.000000 -0.770175 1.094374 1.094374 1.094374
40.260483 0.000000 2527.724121 0.000000 0.577834 0.000000 -0.816154 1.121559 1.121559 1.121559
45.163643 0.000000 2526.112061 0.000000 0.857979 0.000000 -0.513685 1.092931 1.092931 1.092931
49.293655 0.000000 2525.362061 0.000000 0.995606 0.000000 -0.093644 1.012877 1.012877 1.012877
41.096333 0.000000 2528.684326 0.000000 0.999820 0.000000 -0.018976 1.003032 1.003032 1.003032
40.806705 0.000000 2529.895752 0.000000 0.997772 0.000000 -0.066709 1.010667 1.010667 1.010667
43.552773 0.000000 2529.939941 0.000000 0.193471 0.000000 -0.981106 1.233614 1.233614 1.233614
73.599854 0.000000 2487.259521 0.000000 0.234480 0.000000 -0.972121 1.099920 1.099920 1.099920
65.457184 0.000000 2479.635010 0.000000 0.781877 0.000000 -0.623432 1.040332 1.040332 1.040332
78.322418 0.000000 2479.070801 0.000000 0.988399 0.000000 -0.151879 1.017129 1.017129 1.017129
80.265694 0.000000 2486.141602 0.000000 0.778379 0.000000 -0.627795 1.088111 1.088111 1.088111
67.296890 0.000000 2485.780762 0.000000 0.972782 0.000000 -0.231722 1.028023 1.028023 1.028023
64.090881 0.000000 2504.529785 0.000000 0.888713 0.000000 -0.458464 1.034482 1.034482 1.034482
64.255119 0.000000 2498.515381 0.000000 0.998058 0.000000 -0.062286 1.006068 1.006068 1.006068
80.395187 0.000000 2491.963623 0.000000 0.999094 0.000000 0.042548 0.996919 0.996919 0.996919
76.264343 0.000000 2483.411865 0.000000 0.989653 0.000000 -0.143478 1.015815 1.015815 1.015815
71.519897 0.000000 2491.486084 0.000000 0.822473 0.000000 -0.568804 1.049848 1.049848 1.049848
73.448334 0.000000 2499.750732 0.000000 0.482948 0.000000 -0.875649 1.018643 1.018643 1.018643
84.288261 0.000000 2485.362793 0.000000 0.867580 0.000000 -0.497298 1.022090 1.022090 1.022090
82.882317 0.000000 2489.011963 0.000000 0.000124 0.000000 -1.000000 1.086268 1.086268 1.086268
69.495934 0.000000 2488.567383 0.000000 0.925100 0.000000 -0.379723 1.015558 1.015558 1.015558
67.846642 0.000000 2498.517090 0.000000 0.964110 0.000000 -0.265503 1.012747 1.012747 1.012747
74.866211 0.000000 2479.308350 0.000000 0.519920 0.000000 -0.854215 1.025566 1.025566 1.025566
85.764359 0.000000 2482.483398 0.000000 0.001088 0.000000 -0.999999 1.101890 1.101890 1.101890
77.855492 0.000000 2493.288818 0.000000 0.844296 0.000000 -0.535877 1.067772 1.067772 1.067772
79.817757 0.000000 2489.010010 0.000000 0.998585 0.000000 -0.053187 1.007838 1.007838 1.007838
75.253380 0.000000 2501.796631 0.000000 0.119618 0.000000 -0.992820 1.068822 1.068822 1.068822
64.999023 0.000000 2487.017578 0.000000 0.800270 0.000000 -0.599640 1.040135 1.040135 1.040135
72.017357 0.000000 2502.099121 0.000000 0.354203 0.000000 -0.935169 1.054318 1.054318 1.054318
81.881523 0.000000 2484.259033 0.000000 0.992263 0.000000 -0.124153 1.017713 1.017713 1.017713
72.414886 0.000000 2494.369629 0.000000 0.588225 0.000000 -0.808697 1.047032 1.047032 1.047032
78.047104 0.000000 2485.186035 0.000000 0.433312 0.000000 -0.901244 1.190584 1.190584 1.190584
74.445419 0.000000 2481.836426 0.000000 0.906963 0.000000 -0.421210 1.017367 1.017367 1.017367
69.233910 0.000000 2507.413574 0.000000 0.724615 0.000000 -0.689154 1.068334 1.068334 1.068334
75.373413 0.000000 2485.797607 0.000000 0.978348 0.000000 -0.206966 1.018216 1.018216 1.018216
66.372734 0.000000 2483.722168 0.000000 0.087861 0.000000 -0.996133 1.214712 1.214712 1.214712
64.092941 0.000000 2502.381592 0.000000 0.483015 0.000000 -0.875612 1.125164 1.125164 1.125164
68.832626 0.000000 2484.167725 0.000000 0.429607 0.000000 -0.903016 1.092828 1.092828 1.092828
67.443733 0.000000 2480.258789 0.000000 0.835456 0.000000 -0.549557 1.058103 1.058103 1.058103
67.734726 0.000000 2502.803223 0.000000 0.009529 0.000000 -0.999955 1.148116 1.148116 1.148116
69.306435 0.000000 2486.070801 0.000000 0.248706 0.000000 -0.968579 1.075764 1.075764 1.075764
70.455986 0.000000 2503.271729 0.000000 0.793469 0.000000 -0.608610 1.083309 1.083309 1.083309
75.696480 0.000000 2488.766602 0.000000 0.295959 0.000000 -0.955201 1.196630 1.196630 1.196630
82.720467 0.000000 2479.838135 0.000000 0.999894 0.000000 -0.014534 1.002141 1.002141 1.002141
64.239632 0.000000 2500.440918 0.000000 0.036813 0.000000 -0.999322 1.210630 1.210630 1.210630
71.852768 0.000000 2504.457764 0.000000 0.302247 0.000000 -0.953230 1.104115 1.104115 1.104115
77.777039 0.000000 2482.540527 0.000000 0.904517 0.000000 -0.426438 1.048394 1.048394 1.048394
80.736748 0.000000 2481.604736 0.000000 0.452679 0.000000 -0.891674 1.178670 1.178670 1.178670
70.973999 0.000000 2500.780273 0.000000 0.756359 0.000000 -0.654157 1.053406 1.053406 1.053406
68.771408 0.000000 2504.071533 0.000000 0.342688 0.000000 -0.939449 1.140223 1.140223 1.140223
76.568100 0.000000 2484.902832 0.000000 0.632775 0.000000 -0.774336 1.126033 1.126033 1.126033
74.908073 0.000000 2491.040283 0.000000 0.904871 0.000000 -0.425686 1.076845 1.076845 1.076845
80.974464 0.000000 2483.063232 0.000000 0.487139 0.000000 -0.873324 1.161729 1.161729 1.161729
75.250549 0.000000 2487.385986 0.000000 0.478626 0.000000 -0.878019 1.120401 1.120401 1.120401
79.828339 0.000000 2490.436768 0.000000 0.766456 0.000000 -0.642297 1.081842 1.081842 1.081842
74.344025 0.000000 2488.427002 0.000000 0.986369 0.000000 -0.164548 1.025586 1.025586 1.025586
78.938210 0.000000 2486.118408 0.000000 0.999842 0.000000 -0.017768 1.003150 1.003150 1.003150
66.910873 0.000000 2482.598145 0.000000 0.939729 0.000000 -0.341919 1.050529 1.050529 1.050529
75.816452 0.000000 2491.938232 0.000000 0.868770 0.000000 -0.495217 1.090540 1.090540 1.090540
75.544960 0.000000 2489.955566 0.000000 0.807321 0.000000 -0.590113 1.097701 1.097701 1.097701
79.921143 0.000000 2487.841064 0.000000 0.971345 0.000000 -0.237676 1.042536 1.042536 1.042536
346.476166 0.000000 2308.853760 0.000000 0.999491 0.000000 0.031914 0.998964 0.998964 0.998964
335.214905 0.000000 2307.272461 0.000000 0.187821 0.000000 -0.982203 1.031049 1.031049 1.031049
338.760223 0.000000 2314.663086 0.000000 0.885502 0.000000 -0.464636 1.007238 1.007238 1.007238
345.858521 0.000000 2316.461182 0.000000 0.999151 0.000000 0.041207 0.999383 0.999383 0.999383
341.252686 0.000000 2303.931396 0.000000 0.568113 0.000000 -0.822950 1.041023 1.041023 1.041023
340.421326 0.000000 2309.362549 0.000000 0.898247 0.000000 -0.439492 1.019312 1.019312 1.019312
343.579742 0.000000 2312.589355 0.000000 0.959446 0.000000 -0.281891 1.009274 1.009274 1.009274
337.753418 0.000000 2301.936768 0.000000 0.975929 0.000000 -0.218087 1.005489 1.005489 1.005489
343.174377 0.000000 2307.048096 0.000000 0.277023 0.000000 -0.960863 1.070858 1.070858 1.070858
337.276581 0.000000 2310.938721 0.000000 0.996888 0.000000 -0.078826 1.001576 1.001576 1.001576
338.596619 0.000000 2306.375244 0.000000 0.028559 0.000000 -0.999592 1.057754 1.057754 1.057754
347.078796 0.000000 2311.978271 0.000000 0.869153 0.000000 -0.494544 1.021955 1.021955 1.021955
340.332367 0.000000 2312.218018 0.000000 0.565008 0.000000 -0.825086 1.026648 1.026648 1.026648
339.976379 0.000000 2300.055420 0.000000 0.375907 0.000000 -0.926657 1.038473 1.038473 1.038473
343.847412 0.000000 2309.692139 0.000000 0.821181 0.000000 -0.570668 1.028808 1.028808 1.028808
345.369751 0.000000 2301.011963 0.000000 0.593130 0.000000 -0.805106 1.037382 1.037382 1.037382
343.163666 0.000000 2302.379150 0.000000 0.998497 0.000000 0.054809 0.997262 0.997262 0.997262
345.335236 0.000000 2306.238037 0.000000 0.997867 0.000000 -0.065286 1.003751 1.003751 1.003751
343.254639 0.000000 2304.859863 0.000000 0.064045 0.000000 -0.997947 1.082754 1.082754 1.082754
351.381622 0.000000 2331.552246 0.000000 0.999993 0.000000 -0.003726 1.000019 1.000019 1.000019
343.326782 0.000000 2319.753906 0.000000 0.097397 0.000000 -0.995246 1.007356 1.007356 1.007356
353.386871 0.000000 2319.697510 0.000000 0.238995 0.000000 -0.971021 1.003319 1.003319 1.003319
363.334686 0.000000 2335.050537 0.000000 0.745187 0.000000 -0.666856 1.034626 1.034626 1.034626
359.132080 0.000000 2348.830811 0.000000 0.999073 0.000000 -0.043044 1.000430 1.000430 1.000430
365.818481 0.000000 2341.147217 0.000000 0.809777 0.000000 -0.586738 1.032873 1.032873 1.032873
352.184814 0.000000 2338.577881 0.000000 0.459089 0.000000 -0.888390 1.019116 1.019116 1.019116
368.324890 0.000000 2332.026123 0.000000 0.167844 0.000000 -0.985814 1.042006 1.042006 1.042006
361.633026 0.000000 2344.352539 0.000000 0.955962 0.000000 -0.293491 1.008180 1.008180 1.008180
358.651459 0.000000 2336.219727 0.000000 0.508489 0.000000 -0.861069 1.046617 1.046617 1.046617
361.378021 0.000000 2339.813232 0.000000 0.999615 0.000000 -0.027729 1.001385 1.001385 1.001385
364.322357 0.000000 2330.869385 0.000000 0.098576 0.000000 -0.995130 1.044101 1.044101 1.044101
363.202576 0.000000 2348.193848 0.000000 0.859267 0.000000 -0.511527 1.009384 1.009384 1.009384
369.745605 0.000000 2341.921143 0.000000 0.092811 0.000000 -0.995684 1.062722 1.062722 1.062722
357.962372 0.000000 2345.267822 0.000000 0.781904 0.000000 -0.623399 1.013443 1.013443 1.013443
367.989594 0.000000 2344.340576 0.000000 0.203222 0.000000 -0.979133 1.047749 1.047749 1.047749
361.288116 0.000000 2336.965332 0.000000 0.255296 0.000000 -0.966863 1.065542 1.065542 1.065542
358.707672 0.000000 2339.172119 0.000000 0.999092 0.000000 0.042614 0.998297 0.998297 0.998297
360.344574 0.000000 2334.432129 0.000000 0.889857 0.000000 -0.456240 1.021290 1.021290 1.021290
365.156616 0.000000 2336.148926 0.000000 0.466339 0.000000 -0.884606 1.059628 1.059628 1.059628
363.465637 0.000000 2339.891846 0.000000 0.208659 0.000000 -0.977988 1.074729 1.074729 1.074729
"}
