object={
	name="bridge 01"
	render_pass=MapUnderWater
	clamp_to_water_level=no
	generated_content=no
	layer="temp_layer"
	pdxmesh="bridge_01_mesh"
	count=201
	transform="-4186.368164 1.404297 1979.058960 0.000000 0.763223 0.000000 0.646136 1.000000 1.000000 1.000000
-4484.917969 1.470703 2071.507324 0.000000 0.479821 0.000000 0.877367 1.348145 1.348145 1.348145
-4465.650391 1.924805 2240.050781 0.000000 0.391415 0.000000 0.920214 1.000000 1.000000 1.000000
-4883.054688 2.289307 1540.892334 0.000000 0.587520 0.000000 0.809210 1.185828 1.185828 1.185828
-4848.839844 1.425171 1648.151611 0.000000 0.032968 0.000000 0.999456 1.000000 1.000000 1.000000
-4800.126953 1.881836 1547.512451 0.000000 -0.521922 0.000000 0.852993 1.223791 1.223791 1.223791
-4728.900391 2.716675 1577.392822 0.000000 -0.447069 0.000000 0.894500 1.243198 1.243198 1.243198
-4734.488281 2.765503 106.048157 0.000000 0.922063 0.000000 0.387039 1.000000 1.000000 1.000000
-4553.417969 0.741943 2231.017090 0.000000 0.109203 0.000000 0.994020 1.000000 1.000000 1.000000
-4611.637695 2.467651 255.235291 0.000000 0.035279 0.000000 0.999377 1.000000 1.000000 1.000000
-4454.958984 1.180176 2552.089355 0.000000 0.000000 0.000000 1.000000 1.000000 1.000000 1.000000
-4417.777344 1.519043 2552.464844 0.000000 0.358792 0.000000 0.933417 1.256811 1.256811 1.256811
-4398.794922 1.080566 2393.196289 0.000000 0.349224 0.000000 0.937039 1.000000 1.000000 1.000000
-4343.834961 2.516113 2361.538574 0.000000 -0.164434 0.000000 0.986388 1.044534 1.044534 1.044534
-4322.557617 1.818359 2353.178223 0.000000 -0.053525 0.000000 0.998567 1.000000 1.000000 1.000000
-4455.436523 2.471741 241.051697 0.000000 0.323049 0.000000 0.946382 1.000000 1.000000 1.000000
-4111.783203 1.818359 2579.630371 0.000000 -0.225097 0.000000 0.974336 1.000000 1.000000 1.000000
-4295.136719 0.633820 9.007263 0.000000 0.006287 0.000000 0.999980 1.000000 1.000000 1.000000
-4064.920654 1.596436 2548.768555 0.000000 0.683729 0.000000 0.729736 1.000000 1.000000 1.000000
-4127.540039 2.377930 3234.188965 0.000000 -0.121495 0.000000 0.992592 1.184521 1.184521 1.184521
-4189.517578 1.837311 -72.831970 0.000000 0.385643 0.000000 0.922648 1.000000 1.000000 1.000000
-4103.129883 1.917725 3339.454590 0.000000 0.000000 0.000000 1.000000 1.000000 1.000000 1.000000
-4098.148438 2.751358 -213.917175 0.000000 -0.996579 0.000000 -0.082644 1.000000 1.000000 1.000000
-3885.403076 1.596436 2711.774414 0.000000 0.253276 0.000000 0.967394 1.000000 1.000000 1.000000
-3870.759521 1.656006 2073.644531 0.000000 0.308179 0.000000 0.951328 1.000000 1.000000 1.000000
-4085.046143 1.300034 -458.094849 0.000000 0.614613 0.000000 0.788828 1.000000 1.000000 1.000000
-4062.569580 1.937057 -373.621399 0.000000 -0.764808 0.000000 0.644259 1.000000 1.000000 1.000000
-3761.503662 2.074707 2659.457031 0.000000 0.053282 0.000000 0.998580 1.273535 1.273535 1.273535
-3772.047119 2.304443 2066.281250 0.000000 -0.373361 0.000000 0.927686 1.000000 1.000000 1.000000
-3400.791748 3.885010 2678.860352 0.000000 0.757051 0.000000 0.653356 1.000000 1.000000 1.000000
-3358.947998 2.158691 2759.912109 0.000000 0.820283 0.000000 0.571957 1.000000 1.000000 1.000000
-3400.701904 1.572998 2269.295410 0.000000 -0.181784 0.000000 0.983338 1.000000 1.000000 1.000000
-3346.760010 1.963135 2641.848633 0.000000 0.237775 0.000000 0.971320 1.000000 1.000000 1.000000
-3378.754150 1.811768 2271.734375 0.000000 -0.267750 0.000000 0.963488 1.100636 1.100636 1.100636
-3357.268799 1.979492 2202.951660 0.000000 -0.675553 0.000000 0.737311 1.000000 1.000000 1.000000
-3305.662354 1.823730 2626.955566 0.000000 0.112501 0.000000 0.993651 1.107324 1.107324 1.107324
-3351.067627 1.476563 2252.152832 0.000000 0.768804 0.000000 0.639485 1.000000 1.000000 1.000000
-3341.903564 1.572265 2090.034668 0.000000 0.246620 0.000000 0.969112 1.000000 1.000000 1.000000
-3223.010498 1.101319 2580.790039 0.000000 0.472360 0.000000 0.881406 1.172290 1.172290 1.172290
-3054.984619 1.294189 2983.939941 0.000000 0.437640 0.000000 0.899150 1.280566 1.280566 1.280566
-3147.776611 1.581543 2047.009155 0.000000 0.332160 0.000000 0.943223 1.000000 1.000000 1.000000
-2938.705322 1.768799 2931.208984 0.000000 0.712440 0.000000 0.701733 1.107130 1.107130 1.107130
-2826.733154 0.862305 2878.952148 0.000000 0.466600 0.000000 0.884468 1.000000 1.000000 1.000000
-2872.524658 1.716797 2601.861816 0.000000 -0.090756 0.000000 0.995873 1.000000 1.000000 1.000000
-2668.597412 0.489746 3228.210449 0.000000 -0.269837 0.000000 0.962906 1.000000 1.000000 1.000000
-2999.427002 1.619385 1979.192749 0.000000 -0.179683 0.000000 0.983725 1.000000 1.000000 1.000000
-2631.009033 0.770020 3130.544922 0.000000 0.677834 0.000000 0.735215 1.000000 1.000000 1.000000
-2593.964111 0.475586 3211.732422 0.000000 -0.667514 0.000000 0.744597 1.000000 1.000000 1.000000
-2697.723877 1.536865 2915.636719 0.000000 -0.442655 0.000000 0.896692 1.000000 1.000000 1.000000
-2716.399170 2.165283 2840.386230 0.000000 -0.125523 0.000000 0.992091 1.000000 1.000000 1.000000
-2636.950439 1.663574 3018.633789 0.000000 -0.605473 0.000000 0.795866 1.000000 1.000000 1.000000
-2501.719482 1.124023 3314.477051 0.000000 -0.547144 0.000000 0.837038 1.000000 1.000000 1.000000
-2703.265869 1.091553 2682.731934 0.000000 0.627790 0.000000 0.778383 1.000000 1.000000 1.000000
-2823.163818 1.125976 2305.652344 0.000000 0.296645 0.000000 0.954988 1.000000 1.000000 1.000000
-2877.508545 2.761719 2007.825073 0.000000 0.089753 0.000000 0.995964 1.000000 1.000000 1.000000
-2622.042725 1.763672 2804.608398 0.000000 -0.402080 0.000000 0.915604 1.000000 1.000000 1.000000
-2697.195557 1.686035 2530.670410 0.000000 0.234372 0.000000 0.972147 0.922778 0.922778 0.922778
-2683.947021 1.577393 2551.859375 0.000000 0.587224 0.000000 0.809425 1.000000 1.000000 1.000000
-2690.599854 0.996094 2491.244629 0.000000 0.639664 0.000000 0.768655 1.000000 1.000000 1.000000
-2649.822998 1.117188 2540.397461 0.000000 -0.477121 0.000000 0.878838 1.000000 1.000000 1.000000
-2677.863037 0.889160 2454.978027 0.000000 0.531985 0.000000 0.846753 0.874976 0.874976 0.874976
-2491.875244 1.977051 2956.859375 0.000000 0.382120 0.000000 0.924112 1.000000 1.000000 1.000000
-2306.519775 0.853516 3308.549316 0.000000 0.557042 0.000000 0.830484 1.000000 1.000000 1.000000
-2296.238037 1.790527 2973.820801 0.000000 -0.340896 0.000000 0.940101 1.000000 1.000000 1.000000
-2600.887939 2.002930 2401.128418 0.000000 0.415338 0.000000 0.909667 1.000000 1.000000 1.000000
-2048.368652 0.478271 3631.681641 0.000000 0.247966 0.000000 0.968769 1.088550 1.088550 1.088550
-2694.395264 1.800781 2154.943848 0.000000 0.363943 0.000000 0.931421 1.000000 1.000000 1.000000
-2485.433350 0.739258 2645.515625 0.000000 -0.802363 0.000000 0.596836 1.000000 1.000000 1.000000
-2348.187744 1.424561 2965.554199 0.000000 0.297316 0.000000 0.954779 1.000000 1.000000 1.000000
-2228.545654 1.286377 3193.758301 0.000000 0.682866 0.000000 0.730544 1.000000 1.000000 1.000000
-2365.185791 0.841064 2784.941406 0.000000 -0.536371 0.000000 0.843982 1.000000 1.000000 1.000000
-2226.385010 0.872070 3059.881836 0.000000 -0.706072 0.000000 0.708140 1.000000 1.000000 1.000000
-2562.362061 0.793701 2190.094727 0.000000 -0.189820 0.000000 0.981819 1.000000 1.000000 1.000000
-2682.682373 1.693115 1139.099854 0.000000 0.263955 0.000000 0.964535 0.909766 0.909766 0.909766
-2156.589111 1.931641 3056.685059 0.000000 0.069159 0.000000 0.997606 1.000000 1.000000 1.000000
-2667.232178 0.696899 927.342651 0.000000 0.574830 0.000000 0.818273 1.000000 1.000000 1.000000
-2669.675537 1.364136 970.804565 0.000000 -0.607899 0.000000 0.794014 1.000000 1.000000 1.000000
-2645.976318 1.625732 1064.963135 0.000000 0.579888 0.000000 0.814696 1.000000 1.000000 1.000000
-2639.274170 1.861084 878.776245 0.000000 0.292154 0.000000 0.956371 1.000000 1.000000 1.000000
-2633.682373 1.924561 1137.443604 0.000000 -0.390902 0.000000 0.920432 1.000000 1.000000 1.000000
-2187.176514 1.917725 2828.389648 0.000000 0.088963 0.000000 0.996035 1.000000 1.000000 1.000000
-2422.159424 0.636963 2289.086426 0.000000 -0.725568 0.000000 0.688151 1.000000 1.000000 1.000000
-2040.180298 1.472656 3025.867676 0.000000 0.076950 0.000000 0.997035 1.087720 1.087720 1.087720
-2571.894775 1.676147 784.080322 0.000000 0.469486 0.000000 0.882940 1.000000 1.000000 1.000000
-1808.268921 0.529053 3387.653809 0.000000 0.238167 0.000000 0.971224 1.000000 1.000000 1.000000
-2137.821533 1.526123 2789.833496 0.000000 0.432502 0.000000 0.901633 1.000000 1.000000 1.000000
-2081.124756 2.245850 2784.516602 0.000000 -0.483892 0.000000 0.875128 1.000000 1.000000 1.000000
-1933.043335 0.665771 2954.914551 0.000000 0.483251 0.000000 0.875482 1.000000 1.000000 1.000000
-1940.476440 1.784180 2924.778320 0.000000 -0.287013 0.000000 0.957927 1.000000 1.000000 1.000000
-2105.098877 1.119873 2438.987793 0.000000 0.414977 0.000000 0.909832 1.000000 1.000000 1.000000
-2154.489502 1.873291 2228.852051 0.000000 -0.304620 0.000000 0.952474 1.119897 1.119897 1.119897
-1736.315796 1.837402 2920.356934 0.000000 0.000000 0.000000 1.000000 1.000000 1.000000 1.000000
-1999.816772 2.092773 2266.014160 0.000000 -0.353717 0.000000 0.935353 1.192454 1.192454 1.192454
-1909.175659 2.002197 2374.808105 0.000000 0.607002 0.000000 0.794700 1.000000 1.000000 1.000000
-1619.990112 1.306641 2888.104980 0.000000 0.347515 0.000000 0.937675 1.000000 1.000000 1.000000
-1793.348511 1.372803 2549.125000 0.000000 -0.524575 0.000000 0.851364 1.000000 1.000000 1.000000
-1603.286499 1.513916 2835.202148 0.000000 -0.911645 0.000000 -0.410978 1.118066 1.118066 1.118066
-1853.111938 1.970215 2371.610840 0.000000 -0.681527 0.000000 0.731793 1.154956 1.154956 1.154956
-1547.392456 0.920410 2860.211914 0.000000 0.161972 0.000000 0.986795 1.000000 1.000000 1.000000
-1552.770386 0.490723 2695.566895 0.000000 0.694065 0.000000 0.719912 1.000000 1.000000 1.000000
-1731.563843 1.130371 2241.259277 0.000000 0.428894 0.000000 0.903355 1.242017 1.242017 1.242017
-1846.972290 1.033569 1246.752686 0.000000 0.442162 0.000000 0.896935 1.000000 1.000000 1.000000
-1797.710327 1.192017 1218.632080 0.000000 -0.848214 0.000000 0.529654 1.158841 1.158841 1.158841
-1411.628784 0.511719 2898.751465 0.000000 -0.419636 0.000000 0.907692 1.000000 1.000000 1.000000
-1724.106812 1.036255 1128.204346 0.000000 0.000000 0.000000 1.000000 1.000000 1.000000 1.000000
-1242.067749 0.654297 3038.102051 0.000000 0.367862 0.000000 0.929880 1.000000 1.000000 1.000000
-504.536896 1.159668 756.249756 0.000000 -0.560788 0.000000 0.827960 1.000000 1.000000 1.000000
-469.092560 0.765747 920.381714 0.000000 -0.373871 0.000000 0.927481 1.000000 1.000000 1.000000
-376.847931 1.617188 996.903564 0.000000 -0.362066 0.000000 0.932152 1.000000 1.000000 1.000000
-356.414337 1.508057 1102.470459 0.000000 0.605789 0.000000 0.795626 1.000000 1.000000 1.000000
-283.258575 0.765625 1037.139893 0.000000 -0.289497 0.000000 0.957179 1.000000 1.000000 1.000000
-185.071075 1.030273 1088.004150 0.000000 0.000000 0.000000 1.000000 1.000000 1.000000 1.000000
-237.415314 1.746338 524.182312 0.000000 -0.104302 0.000000 0.994546 1.000000 1.000000 1.000000
-123.032501 2.865356 526.257874 0.000000 0.159713 0.000000 0.987163 1.000000 1.000000 1.000000
92.686249 1.552795 -90.058044 0.000000 0.280253 0.000000 0.959926 1.000000 1.000000 1.000000
110.166229 2.309998 -91.687439 0.000000 0.000488 0.000000 1.000000 1.000000 1.000000 1.000000
128.352753 2.004028 -86.754822 0.000000 -0.149704 0.000000 0.988731 1.000000 1.000000 1.000000
145.270721 1.555176 -87.080383 0.000000 0.000000 0.000000 1.000000 1.000000 1.000000 1.000000
225.555878 1.881592 322.738220 0.000000 0.754878 0.000000 0.655865 1.000000 1.000000 1.000000
336.779510 0.600708 762.300537 0.000000 0.016967 0.000000 0.999856 1.000000 1.000000 1.000000
278.806366 1.908936 250.363953 0.000000 0.458944 0.000000 0.888465 1.000000 1.000000 1.000000
483.268280 0.936401 786.411865 0.000000 0.308484 0.000000 0.951230 1.000000 1.000000 1.000000
496.564178 1.568970 474.159119 0.000000 -0.279901 0.000000 0.960029 1.000000 1.000000 1.000000
632.242920 0.579834 743.366455 0.000000 0.596130 0.000000 0.802888 1.000000 1.000000 1.000000
650.146729 1.676025 697.985229 0.000000 -0.707281 0.000000 0.706933 1.000000 1.000000 1.000000
658.334229 1.409790 645.535767 0.000000 -0.820148 0.000000 0.572152 1.000000 1.000000 1.000000
691.342529 0.773315 702.334839 0.000000 -0.031001 0.000000 0.999519 1.000000 1.000000 1.000000
737.509033 0.465088 729.536865 0.000000 0.513017 0.000000 0.858378 1.000000 1.000000 1.000000
764.028076 0.498047 662.113892 0.000000 0.086318 0.000000 0.996268 1.000000 1.000000 1.000000
877.715088 0.612305 843.631714 0.000000 -0.334375 0.000000 0.942440 1.000000 1.000000 1.000000
942.028564 0.688232 861.146851 0.000000 -0.379411 0.000000 0.925228 1.000000 1.000000 1.000000
1037.596802 0.797974 523.834778 0.000000 -0.185564 0.000000 0.982632 1.000000 1.000000 1.000000
1054.582153 0.867310 380.370056 0.000000 0.677160 0.000000 0.735836 1.000000 1.000000 1.000000
1050.781372 0.710632 236.687561 0.000000 -0.491804 0.000000 0.870706 1.000000 1.000000 1.000000
1087.307251 1.523804 566.714478 0.000000 0.061972 0.000000 0.998078 1.000000 1.000000 1.000000
1089.966919 0.576355 245.718689 0.000000 0.516576 0.000000 0.856242 1.000000 1.000000 1.000000
-1716.932007 0.491699 1112.657959 0.000000 0.000000 0.000000 1.000000 1.000000 1.000000 1.000000
3117.344482 0.000000 2277.139648 0.000000 -0.835820 0.000000 0.549004 1.915552 1.915552 1.915552
3634.930420 0.821533 2676.839355 0.000000 -0.467815 0.000000 0.883827 1.945269 1.945269 1.945269
3559.708740 0.881592 2524.303223 0.000000 -0.972374 0.000000 -0.233427 2.048605 2.048605 2.048605
2059.119873 1.860352 1378.290283 0.000000 0.220583 0.000000 0.975368 1.048295 1.048295 1.048295
2119.214600 1.680908 1392.143311 0.000000 -0.272980 0.000000 0.962020 1.103826 1.103826 1.103826
2232.441162 1.406982 1438.502686 0.000000 -0.226591 0.000000 0.973990 1.082210 1.082210 1.082210
2264.836670 1.477539 1482.263428 0.000000 -0.250714 0.000000 0.968061 1.375101 1.375101 1.375101
2292.181396 1.386230 1527.825439 0.000000 -0.487653 0.000000 0.873038 1.145841 1.145841 1.145841
2241.144287 0.817627 1053.891357 0.000000 0.324867 0.000000 0.945759 1.114717 1.114717 1.114717
2289.895264 1.835693 1065.996338 0.000000 -0.467167 0.000000 0.884169 1.286347 1.286347 1.286347
2370.946045 1.259521 1142.022705 0.000000 -0.473523 0.000000 0.880782 1.436781 1.436781 1.436781
2453.769287 1.817139 1210.418701 0.000000 -0.049540 0.000000 0.998773 1.280245 1.280245 1.280245
1164.266235 0.000000 704.107788 0.000000 0.537736 0.000000 0.843114 1.000000 1.000000 1.000000
1119.291626 0.000000 692.991333 0.000000 -0.389160 0.000000 0.921170 1.000000 1.000000 1.000000
1094.563599 1.647339 615.060913 0.000000 -0.509923 0.000000 0.860220 1.000000 1.000000 1.000000
1034.607544 0.799927 471.247742 0.000000 0.681147 0.000000 0.732146 1.000000 1.000000 1.000000
1882.875610 3.121338 626.411377 0.000000 0.809821 0.000000 0.586676 1.000000 1.000000 1.000000
1969.901001 3.531006 658.654663 0.000000 -0.029659 0.000000 0.999560 1.000000 1.000000 1.000000
2041.037964 2.819702 640.241699 0.000000 0.000000 0.000000 1.000000 1.000000 1.000000 1.000000
2078.872803 3.821899 635.561890 0.000000 0.450028 0.000000 0.893014 1.000000 1.000000 1.000000
1688.889771 1.176758 475.911194 0.000000 0.552930 0.000000 0.833228 1.000000 1.000000 1.000000
1677.594849 1.550903 490.540466 0.000000 0.458022 0.000000 0.888941 1.000000 1.000000 1.000000
1670.404907 0.605835 507.145935 0.000000 0.580683 0.000000 0.814129 1.000000 1.000000 1.000000
1664.602173 0.823242 515.461731 0.000000 0.321922 0.000000 0.946766 1.000000 1.000000 1.000000
1649.070923 0.681885 520.509094 0.000000 0.143183 0.000000 0.989696 1.000000 1.000000 1.000000
1632.848755 1.394409 530.585999 0.000000 0.316369 0.000000 0.948636 1.000000 1.000000 1.000000
1594.444458 4.503296 567.410522 0.000000 0.355001 0.000000 0.934866 1.000000 1.000000 1.000000
1552.142700 3.613770 607.701538 0.000000 0.377660 0.000000 0.925944 1.000000 1.000000 1.000000
1650.726685 0.913086 -125.529968 0.000000 0.447956 0.000000 0.894056 1.000000 1.000000 1.000000
1624.012329 0.565552 -84.499084 0.000000 0.595051 0.000000 0.803688 1.000000 1.000000 1.000000
1622.974243 2.011841 -32.569397 0.000000 -0.216890 0.000000 0.976196 1.000000 1.000000 1.000000
1607.585083 2.138306 -30.862122 0.000000 0.671753 0.000000 0.740775 1.000000 1.000000 1.000000
1651.567017 2.244751 -8.404846 0.000000 -0.461437 0.000000 0.887173 1.000000 1.000000 1.000000
1676.192993 2.636719 28.941711 0.000000 -0.567691 0.000000 0.823242 1.000000 1.000000 1.000000
1667.128052 0.934570 157.667175 0.000000 0.483277 0.000000 0.875467 1.000000 1.000000 1.000000
1611.029419 2.180420 234.796936 0.000000 0.485627 0.000000 0.874166 1.000000 1.000000 1.000000
1607.586548 1.553711 295.113953 0.000000 0.558461 0.000000 0.829531 1.000000 1.000000 1.000000
1546.903931 0.772583 349.879456 0.000000 0.131999 0.000000 0.991250 1.000000 1.000000 1.000000
1501.656860 2.023804 329.798767 0.000000 -0.138591 0.000000 0.990350 1.000000 1.000000 1.000000
1412.626099 1.927856 330.469299 0.000000 0.641562 0.000000 0.767071 1.000000 1.000000 1.000000
1447.222290 2.391968 439.020325 0.000000 -0.372285 0.000000 0.928118 1.000000 1.000000 1.000000
1436.468384 2.186768 416.384338 0.000000 0.597746 0.000000 0.801686 1.000000 1.000000 1.000000
1250.632446 1.845337 337.140076 0.000000 0.733229 0.000000 0.679981 1.000000 1.000000 1.000000
1277.443970 2.276489 270.065979 0.000000 0.711068 0.000000 0.703124 1.000000 1.000000 1.000000
1318.355103 2.193726 220.617615 0.000000 0.470402 0.000000 0.882452 1.000000 1.000000 1.000000
1336.223755 2.120972 189.773987 0.000000 0.735342 0.000000 0.677696 1.000000 1.000000 1.000000
1269.642212 3.606201 92.995178 0.000000 0.482476 0.000000 0.875909 1.000000 1.000000 1.000000
1270.869263 2.775024 -20.022522 0.000000 0.000000 0.000000 1.000000 1.000000 1.000000 1.000000
1814.794556 1.743774 618.905029 0.000000 0.000000 0.000000 1.000000 1.000000 1.000000 1.000000
1362.575806 1.237671 87.776306 0.000000 0.741680 0.000000 0.670754 1.000000 1.000000 1.000000
1355.671509 1.992554 119.189758 0.000000 0.727560 0.000000 0.686044 1.000000 1.000000 1.000000
1353.043091 1.739502 145.130310 0.000000 0.565579 0.000000 0.824694 1.000000 1.000000 1.000000
2536.732178 -0.126465 1202.633057 0.000000 0.000000 0.000000 1.000000 1.000000 1.000000 1.000000
2179.300537 1.339111 1435.106689 0.000000 -0.209735 0.000000 0.977758 1.000000 1.000000 1.000000
2371.773193 1.785889 1545.782471 0.000000 -0.163087 0.000000 0.986612 1.000000 1.000000 1.000000
2354.320068 1.504639 1543.287354 0.000000 0.000000 0.000000 1.000000 1.000000 1.000000 1.000000
2301.919678 1.726318 1536.312256 0.000000 -0.290548 0.000000 0.956860 1.000000 1.000000 1.000000
2042.077026 1.266602 1070.392822 0.000000 0.167782 0.000000 0.985824 1.000000 1.000000 1.000000
2144.946045 1.254639 1086.311279 0.000000 -0.514484 0.000000 0.857500 1.000000 1.000000 1.000000
2262.585693 0.207520 1034.293701 0.000000 0.811822 0.000000 0.583905 1.000000 1.000000 1.000000
2324.419678 1.654297 1098.281982 0.000000 -0.292884 0.000000 0.956148 1.000000 1.000000 1.000000
2400.304443 2.007080 1183.309814 0.000000 -0.431841 0.000000 0.901950 1.000000 1.000000 1.000000
2482.270264 1.853516 1198.625732 0.000000 0.395840 0.000000 0.918319 1.131397 1.131397 1.131397
1505.995728 5.221436 640.082397 0.000000 0.229444 0.000000 0.973322 1.000000 1.000000 1.000000
"}
