object={
	name="cliff coastline 01"
	render_pass=MapUnderWater
	clamp_to_water_level=no
	generated_content=no
	layer="temp_layer"
	pdxmesh="cliff_coastline_01_mesh"
	count=12
	transform="1206.539673 -5.207947 -1124.657593 -0.000000 -0.375690 -0.000000 -0.926746 0.205334 0.205334 0.205334
1193.672485 -8.310181 -1131.812012 -0.000000 -0.897830 -0.000000 -0.440343 0.205334 0.205334 0.205334
1199.026978 -8.310181 -1129.196899 -0.000000 -0.453956 -0.000000 -0.891024 0.205334 0.205334 0.205334
1199.894165 -3.742706 -1127.690796 -0.000000 0.589585 -0.000000 -0.807706 0.205334 0.205334 0.205334
1194.538208 -4.109802 -1130.280640 -0.000000 0.900470 -0.000000 0.434918 0.205334 0.205334 0.205334
1181.841431 -10.846344 -1134.861328 -0.000000 -0.660103 -0.000000 -0.751175 0.205334 0.205334 0.205334
1183.504517 -10.183868 -1134.325439 -0.000000 -0.098421 -0.000000 -0.995145 0.205334 0.205334 0.205334
1187.241333 -7.514496 -1134.245483 -0.000000 0.861429 -0.000000 -0.507878 0.205334 0.205334 0.205334
1186.118774 -7.514496 -1133.706909 -0.000000 0.861429 -0.000000 -0.507878 0.205334 0.205334 0.205334
1190.343872 -8.230652 -1133.415161 -0.000000 0.957057 -0.000000 0.289902 0.205334 0.205334 0.205334
1188.817017 -6.746429 -1132.681030 -0.000000 0.957057 -0.000000 0.289902 0.205334 0.205334 0.205334
1191.790161 -4.879974 -1131.696411 -0.000000 0.619824 -0.000000 0.784741 0.205334 0.205334 0.205334
"}
object={
	name="cliff coastline 02"
	render_pass=MapUnderWater
	clamp_to_water_level=no
	generated_content=no
	layer="temp_layer"
	pdxmesh="cliff_coastline_02_mesh"
	count=4
	transform="-5942.319336 0.000000 -1405.332397 0.000000 0.000000 0.000000 1.000000 1.000000 1.000000 1.000000
1196.707642 -2.094574 -1129.468872 -0.000000 0.814658 -0.000000 -0.579941 0.138236 0.138236 0.138236
1198.242798 -0.798676 -1128.769775 -0.000000 0.999852 -0.000000 -0.017216 0.138236 0.138236 0.138236
1203.009888 -0.798676 -1126.938843 -0.000000 0.811430 -0.000000 0.584450 0.138236 0.138236 0.138236
"}
object={
	name="cliff coastline 03"
	render_pass=MapUnderWater
	clamp_to_water_level=no
	generated_content=no
	layer="temp_layer"
	pdxmesh="cliff_coastline_03_mesh"
	count=5
	transform="-5942.319336 0.000000 -1405.332397 0.000000 0.000000 0.000000 1.000000 1.000000 1.000000 1.000000
1204.223755 -0.847015 -1124.934204 -0.000000 0.927711 -0.000000 0.373300 0.120853 0.120853 0.120853
1202.535767 -0.847015 -1125.790283 -0.000000 0.485787 -0.000000 0.874077 0.120853 0.120853 0.120853
1204.352173 -0.847015 -1125.663574 -0.000000 0.682175 -0.000000 0.731189 0.120853 0.120853 0.120853
1204.449829 -0.847015 -1126.475708 -0.000000 -0.000000 -0.000000 1.000000 0.120853 0.120853 0.120853
"}
object={
	name="cliff coastline 04"
	render_pass=MapUnderWater
	clamp_to_water_level=no
	generated_content=no
	layer="temp_layer"
	pdxmesh="cliff_coastline_04_mesh"
	count=7
	transform="-5942.319336 0.000000 -1405.332397 0.000000 0.000000 0.000000 1.000000 1.000000 1.000000 1.000000
1209.153931 -4.598541 -1122.245361 -0.000000 0.947121 -0.000000 0.320877 0.288403 0.288403 0.288403
1208.135864 -5.109619 -1124.088745 -0.000000 0.869259 -0.000000 -0.494356 0.288403 0.288403 0.288403
1205.805786 -5.227631 -1125.230225 -0.000000 0.592841 -0.000000 0.805319 0.288403 0.288403 0.288403
1201.903931 -4.134888 -1127.532837 -0.000000 -0.245334 -0.000000 0.969439 0.288403 0.288403 0.288403
1196.578735 -4.406006 -1129.794678 -0.000000 0.635974 -0.000000 0.771710 0.288403 0.288403 0.288403
1209.435181 -5.699432 -1122.678101 -0.000000 -0.308077 -0.000000 0.951361 0.288403 0.288403 0.288403
"}
