object={
	name="env_desert_ambient_close"
	render_pass=Map
	clamp_to_water_level=yes
	generated_content=no
	layer="env_effect_layer"
	entity="env_desert_plains_ambient"
	count=14
	transform="151.531952 0.000000 1652.276123 0.000000 0.000000 0.000000 1.000000 1.000000 1.000000 1.000000
410.426971 0.000000 1700.939697 0.000000 0.000000 0.000000 1.000000 1.000000 1.000000 1.000000
-417.527618 0.000000 2169.936035 0.000000 0.000000 0.000000 1.000000 1.000000 1.000000 1.000000
-727.380127 0.000000 1903.705811 0.000000 0.000000 0.000000 1.000000 1.000000 1.000000 1.000000
-2101.814697 0.000000 1233.173584 0.000000 0.000000 0.000000 1.000000 1.000000 1.000000 1.000000
-1395.362671 0.000000 511.568665 0.000000 0.000000 0.000000 1.000000 1.000000 1.000000 1.000000
-3250.711182 0.000000 860.079468 0.000000 0.000000 0.000000 1.000000 1.000000 1.000000 1.000000
-2833.222900 0.000000 496.692078 0.000000 0.000000 0.000000 1.000000 1.000000 1.000000 1.000000
-3873.560791 0.000000 519.202820 0.000000 0.000000 0.000000 1.000000 1.000000 1.000000 1.000000
-3723.286377 0.000000 990.920166 0.000000 0.000000 0.000000 1.000000 1.000000 1.000000 1.000000
-4132.303711 0.000000 1004.381104 0.000000 0.000000 0.000000 1.000000 1.000000 1.000000 1.000000
-4513.613281 0.000000 1087.876221 0.000000 0.000000 0.000000 1.000000 1.000000 1.000000 1.000000
-4566.046875 0.000000 632.914307 0.000000 0.000000 0.000000 1.000000 1.000000 1.000000 1.000000
-4962.221680 0.000000 615.292725 0.000000 0.000000 0.000000 1.000000 1.000000 1.000000 1.000000
"}
object={
	name="env_desert_mountains"
	render_pass=Map
	clamp_to_water_level=yes
	generated_content=no
	layer="env_effect_mountains_layer"
	entity="env_desert_mountains"
	count=50
	transform="402.421112 0.000000 1374.802979 0.000000 0.000000 0.000000 1.000000 1.000000 1.000000 1.000000
535.043701 0.000000 1367.902100 0.000000 0.000000 0.000000 1.000000 1.000000 1.000000 1.000000
803.325439 0.000000 1491.843506 0.000000 0.000000 0.000000 1.000000 1.000000 1.000000 1.000000
821.858643 0.000000 1540.181885 0.000000 0.000000 0.000000 1.000000 1.000000 1.000000 1.000000
925.786377 0.000000 1562.582764 0.000000 0.000000 0.000000 1.000000 1.000000 1.000000 1.000000
1008.121216 0.000000 1447.223877 0.000000 0.000000 0.000000 1.000000 1.000000 1.000000 1.000000
950.947510 0.000000 1371.306396 0.000000 0.000000 0.000000 1.000000 1.000000 1.000000 1.000000
673.516846 0.000000 1340.313721 0.000000 0.000000 0.000000 1.000000 1.000000 1.000000 1.000000
479.582733 0.000000 1282.209717 0.000000 0.000000 0.000000 1.000000 1.000000 1.000000 1.000000
495.362030 0.000000 1183.406494 0.000000 0.000000 0.000000 1.000000 1.000000 1.000000 1.000000
808.715576 0.000000 1268.609131 0.000000 0.000000 0.000000 1.000000 1.000000 1.000000 1.000000
1039.350708 0.000000 1282.153076 0.000000 0.000000 0.000000 1.000000 1.000000 1.000000 1.000000
1135.723755 0.000000 1285.524170 0.000000 0.000000 0.000000 1.000000 1.000000 1.000000 1.000000
460.641815 0.000000 1319.762939 0.000000 0.000000 0.000000 1.000000 1.000000 1.000000 1.000000
826.603760 0.000000 1443.405518 0.000000 0.000000 0.000000 1.000000 1.000000 1.000000 1.000000
-1783.492065 0.000000 1444.549072 0.000000 0.000000 0.000000 1.000000 1.000000 1.000000 1.000000
-1551.973511 0.000000 1223.352783 0.000000 0.000000 0.000000 1.000000 1.000000 1.000000 1.000000
-1345.632690 0.000000 1059.343506 0.000000 0.000000 0.000000 1.000000 1.000000 1.000000 1.000000
-1238.757202 0.000000 987.247925 0.000000 0.000000 0.000000 1.000000 1.000000 1.000000 1.000000
-1052.081909 0.000000 1024.032959 0.000000 0.000000 0.000000 1.000000 1.000000 1.000000 1.000000
-1066.713257 0.000000 1212.635986 0.000000 0.000000 0.000000 1.000000 1.000000 1.000000 1.000000
-1081.326538 0.000000 1347.239014 0.000000 0.000000 0.000000 1.000000 1.000000 1.000000 1.000000
-850.647217 0.000000 1267.780518 0.000000 0.000000 0.000000 1.000000 1.000000 1.000000 1.000000
-782.164795 0.000000 1257.489014 0.000000 0.000000 0.000000 1.000000 1.000000 1.000000 1.000000
-650.566162 0.000000 1316.066162 0.000000 0.000000 0.000000 1.000000 1.000000 1.000000 1.000000
-863.418213 0.000000 1385.489990 0.000000 0.000000 0.000000 1.000000 1.000000 1.000000 1.000000
-1155.996948 0.000000 1486.041260 0.000000 0.000000 0.000000 1.000000 1.000000 1.000000 1.000000
-1293.100464 0.000000 1546.367432 0.000000 0.000000 0.000000 1.000000 1.000000 1.000000 1.000000
-623.619385 0.000000 1291.948975 0.000000 0.000000 0.000000 1.000000 1.000000 1.000000 1.000000
-507.262970 0.000000 1154.582764 0.000000 0.000000 0.000000 1.000000 1.000000 1.000000 1.000000
-563.237549 0.000000 1089.742920 0.000000 0.000000 0.000000 1.000000 1.000000 1.000000 1.000000
-385.169220 0.000000 1095.781006 0.000000 0.000000 0.000000 1.000000 1.000000 1.000000 1.000000
-2285.148193 0.000000 932.496460 0.000000 0.000000 0.000000 1.000000 1.000000 1.000000 1.000000
-2255.893311 0.000000 882.116577 0.000000 0.000000 0.000000 1.000000 1.000000 1.000000 1.000000
-1919.818726 0.000000 564.875366 0.000000 0.000000 0.000000 1.000000 1.000000 1.000000 1.000000
-1862.383179 0.000000 466.600159 0.000000 0.000000 0.000000 1.000000 1.000000 1.000000 1.000000
-1862.924927 0.000000 228.798889 0.000000 0.000000 0.000000 1.000000 1.000000 1.000000 1.000000
-1594.543335 0.000000 270.596619 0.000000 0.000000 0.000000 1.000000 1.000000 1.000000 1.000000
-1458.099487 0.000000 305.496033 0.000000 0.000000 0.000000 1.000000 1.000000 1.000000 1.000000
-3825.042725 0.000000 771.596436 0.000000 0.000000 0.000000 1.000000 1.000000 1.000000 1.000000
-3912.760010 0.000000 731.705811 0.000000 0.000000 0.000000 1.000000 1.000000 1.000000 1.000000
-4158.323242 0.000000 796.609131 0.000000 0.000000 0.000000 1.000000 1.000000 1.000000 1.000000
-4124.321289 0.000000 685.281372 0.000000 0.000000 0.000000 1.000000 1.000000 1.000000 1.000000
-3385.966064 0.000000 543.363464 0.000000 0.000000 0.000000 1.000000 1.000000 1.000000 1.000000
-3422.887939 0.000000 501.122742 0.000000 0.000000 0.000000 1.000000 1.000000 1.000000 1.000000
-3903.917725 0.000000 452.559631 0.000000 0.000000 0.000000 1.000000 1.000000 1.000000 1.000000
-4067.922607 0.000000 364.973938 0.000000 0.000000 0.000000 1.000000 1.000000 1.000000 1.000000
-3974.658936 0.000000 343.851868 0.000000 0.000000 0.000000 1.000000 1.000000 1.000000 1.000000
-4285.867188 0.000000 561.957397 0.000000 0.000000 0.000000 1.000000 1.000000 1.000000 1.000000
-3801.381104 0.000000 721.634521 0.000000 0.000000 0.000000 1.000000 1.000000 1.000000 1.000000
"}
object={
	name="env_desert_plains"
	render_pass=Map
	clamp_to_water_level=yes
	generated_content=no
	layer="env_effect_layer"
	entity="env_desert_plains"
	count=67
	transform="-3809.406006 0.000000 447.727234 0.000000 0.000000 0.000000 1.000000 1.000000 1.000000 1.000000
-4109.572266 0.000000 960.053589 0.000000 0.000000 0.000000 1.000000 1.000000 1.000000 1.000000
-3972.613525 0.000000 1175.552979 0.000000 0.000000 0.000000 1.000000 1.000000 1.000000 1.000000
-4466.085938 0.000000 1147.394775 0.000000 0.000000 0.000000 1.000000 1.000000 1.000000 1.000000
-4578.287109 0.000000 1068.003662 0.000000 0.000000 0.000000 1.000000 1.000000 1.000000 1.000000
-4628.437500 0.000000 654.013550 0.000000 0.000000 0.000000 1.000000 1.000000 1.000000 1.000000
-4568.433594 0.000000 579.806152 0.000000 0.000000 0.000000 1.000000 1.000000 1.000000 1.000000
-4549.079102 0.000000 682.211548 0.000000 0.000000 0.000000 1.000000 1.000000 1.000000 1.000000
-4558.720703 0.000000 714.544189 0.000000 0.000000 0.000000 1.000000 1.000000 1.000000 1.000000
-4946.814453 0.000000 587.799561 0.000000 0.000000 0.000000 1.000000 1.000000 1.000000 1.000000
-4877.631836 0.000000 543.915222 0.000000 0.000000 0.000000 1.000000 1.000000 1.000000 1.000000
-4861.529297 0.000000 710.487061 0.000000 0.000000 0.000000 1.000000 1.000000 1.000000 1.000000
-3288.007568 0.000000 916.819214 0.000000 0.000000 0.000000 1.000000 1.000000 1.000000 1.000000
-3447.816650 0.000000 838.531128 0.000000 0.000000 0.000000 1.000000 1.000000 1.000000 1.000000
-3460.368408 0.000000 761.126221 0.000000 0.000000 0.000000 1.000000 1.000000 1.000000 1.000000
-3172.259033 0.000000 879.813354 0.000000 0.000000 0.000000 1.000000 1.000000 1.000000 1.000000
-3176.695557 0.000000 757.124756 0.000000 0.000000 0.000000 1.000000 1.000000 1.000000 1.000000
-3158.527588 0.000000 551.911560 0.000000 0.000000 0.000000 1.000000 1.000000 1.000000 1.000000
-3233.980225 0.000000 342.752747 0.000000 0.000000 0.000000 1.000000 1.000000 1.000000 1.000000
-3240.419678 0.000000 309.582214 0.000000 0.000000 0.000000 1.000000 1.000000 1.000000 1.000000
-3010.438232 0.000000 955.106323 0.000000 0.000000 0.000000 1.000000 1.000000 1.000000 1.000000
-2882.285889 0.000000 798.336670 0.000000 0.000000 0.000000 1.000000 1.000000 1.000000 1.000000
-2778.501221 0.000000 631.989380 0.000000 0.000000 0.000000 1.000000 1.000000 1.000000 1.000000
-2786.091064 0.000000 539.199402 0.000000 0.000000 0.000000 1.000000 1.000000 1.000000 1.000000
-2839.511963 0.000000 490.095886 0.000000 0.000000 0.000000 1.000000 1.000000 1.000000 1.000000
-2836.256104 0.000000 324.659729 0.000000 0.000000 0.000000 1.000000 1.000000 1.000000 1.000000
-2764.061279 0.000000 525.425110 0.000000 0.000000 0.000000 1.000000 1.000000 1.000000 1.000000
-2664.302002 0.000000 702.077759 0.000000 0.000000 0.000000 1.000000 1.000000 1.000000 1.000000
-2489.111572 0.000000 493.973816 0.000000 0.000000 0.000000 1.000000 1.000000 1.000000 1.000000
-2164.120850 0.000000 1302.449463 0.000000 0.000000 0.000000 1.000000 1.000000 1.000000 1.000000
-2068.883545 0.000000 1239.195557 0.000000 0.000000 0.000000 1.000000 1.000000 1.000000 1.000000
-2077.687256 0.000000 1102.605225 0.000000 0.000000 0.000000 1.000000 1.000000 1.000000 1.000000
-2187.235107 0.000000 975.289917 0.000000 0.000000 0.000000 1.000000 1.000000 1.000000 1.000000
-2073.414307 0.000000 975.282593 0.000000 0.000000 0.000000 1.000000 1.000000 1.000000 1.000000
-1839.313354 0.000000 1037.413330 0.000000 0.000000 0.000000 1.000000 1.000000 1.000000 1.000000
-1802.005737 0.000000 835.582397 0.000000 0.000000 0.000000 1.000000 1.000000 1.000000 1.000000
-1977.408569 0.000000 846.439819 0.000000 0.000000 0.000000 1.000000 1.000000 1.000000 1.000000
-1908.780151 0.000000 694.923462 0.000000 0.000000 0.000000 1.000000 1.000000 1.000000 1.000000
-1877.782593 0.000000 513.466248 0.000000 0.000000 0.000000 1.000000 1.000000 1.000000 1.000000
-1521.036987 0.000000 583.484497 0.000000 0.000000 0.000000 1.000000 1.000000 1.000000 1.000000
-1317.193726 0.000000 564.991821 0.000000 0.000000 0.000000 1.000000 1.000000 1.000000 1.000000
-1102.985229 0.000000 528.263000 0.000000 0.000000 0.000000 1.000000 1.000000 1.000000 1.000000
-1183.314819 0.000000 499.484680 0.000000 0.000000 0.000000 1.000000 1.000000 1.000000 1.000000
-1292.571655 0.000000 416.135193 0.000000 0.000000 0.000000 1.000000 1.000000 1.000000 1.000000
-1515.989624 0.000000 372.331848 0.000000 0.000000 0.000000 1.000000 1.000000 1.000000 1.000000
-1828.906128 0.000000 368.098083 0.000000 0.000000 0.000000 1.000000 1.000000 1.000000 1.000000
-1477.749390 0.000000 538.820007 0.000000 0.000000 0.000000 1.000000 1.000000 1.000000 1.000000
-1392.325562 0.000000 580.791626 0.000000 0.000000 0.000000 1.000000 1.000000 1.000000 1.000000
-1243.303589 0.000000 1382.593994 0.000000 0.000000 0.000000 1.000000 1.000000 1.000000 1.000000
-1086.498413 0.000000 1128.313232 0.000000 0.000000 0.000000 1.000000 1.000000 1.000000 1.000000
583.293213 0.000000 1703.531006 0.000000 0.000000 0.000000 1.000000 1.000000 1.000000 1.000000
360.550507 0.000000 1720.712646 0.000000 0.000000 0.000000 1.000000 1.000000 1.000000 1.000000
304.356659 0.000000 1655.155518 0.000000 0.000000 0.000000 1.000000 1.000000 1.000000 1.000000
-803.890869 0.000000 1978.301147 0.000000 0.000000 0.000000 1.000000 1.000000 1.000000 1.000000
-464.115021 0.000000 2197.238770 0.000000 0.000000 0.000000 1.000000 1.000000 1.000000 1.000000
-386.625275 0.000000 2135.124023 0.000000 0.000000 0.000000 1.000000 1.000000 1.000000 1.000000
-326.253204 0.000000 2076.093262 0.000000 0.000000 0.000000 1.000000 1.000000 1.000000 1.000000
-1304.976440 0.000000 2107.263672 0.000000 0.000000 0.000000 1.000000 1.000000 1.000000 1.000000
-1253.414429 0.000000 2048.194824 0.000000 0.000000 0.000000 1.000000 1.000000 1.000000 1.000000
-1244.170776 0.000000 1916.959717 0.000000 0.000000 0.000000 1.000000 1.000000 1.000000 1.000000
690.707275 0.000000 2064.594727 0.000000 0.000000 0.000000 1.000000 1.000000 1.000000 1.000000
640.843994 0.000000 2086.896973 0.000000 0.000000 0.000000 1.000000 1.000000 1.000000 1.000000
496.029022 0.000000 2160.369141 0.000000 0.000000 0.000000 1.000000 1.000000 1.000000 1.000000
1000.663818 0.000000 1802.812256 0.000000 0.000000 0.000000 1.000000 1.000000 1.000000 1.000000
1028.192505 0.000000 1832.954346 0.000000 0.000000 0.000000 1.000000 1.000000 1.000000 1.000000
1395.217407 0.000000 1781.832275 0.000000 0.000000 0.000000 1.000000 1.000000 1.000000 1.000000
1499.034790 0.000000 1770.957275 0.000000 0.000000 0.000000 1.000000 1.000000 1.000000 1.000000
"}
object={
	name="env_desert_plains_ambient"
	render_pass=Map
	clamp_to_water_level=yes
	generated_content=no
	layer="env_effect_layer"
	entity="env_desert_plains_ambient"
	count=15
	transform="465.442596 0.000000 1701.273682 0.000000 0.000000 0.000000 1.000000 1.000000 1.000000 1.000000
1431.407837 0.000000 1781.584717 0.000000 0.000000 0.000000 1.000000 1.000000 1.000000 1.000000
-951.339111 0.000000 1715.684814 0.000000 0.000000 0.000000 1.000000 1.000000 1.000000 1.000000
-275.146271 0.000000 971.921265 0.000000 0.000000 0.000000 1.000000 1.000000 1.000000 1.000000
-2046.596802 0.000000 1148.906494 0.000000 0.000000 0.000000 1.000000 1.000000 1.000000 1.000000
-1254.503296 0.000000 514.790710 0.000000 0.000000 0.000000 1.000000 1.000000 1.000000 1.000000
-3420.071045 0.000000 110.395569 0.000000 0.000000 0.000000 1.000000 1.000000 1.000000 1.000000
-3089.247314 0.000000 974.579468 0.000000 0.000000 0.000000 1.000000 1.000000 1.000000 1.000000
-4071.780518 0.000000 1130.773193 0.000000 0.000000 0.000000 1.000000 1.000000 1.000000 1.000000
-4436.131836 0.000000 1137.082764 0.000000 0.000000 0.000000 1.000000 1.000000 1.000000 1.000000
-4874.499023 0.000000 855.177124 0.000000 0.000000 0.000000 1.000000 1.000000 1.000000 1.000000
-5283.731445 0.000000 677.382202 0.000000 0.000000 0.000000 1.000000 1.000000 1.000000 1.000000
-5167.335938 0.000000 491.423035 0.000000 0.000000 0.000000 1.000000 1.000000 1.000000 1.000000
-4582.131836 0.000000 573.990112 0.000000 0.000000 0.000000 1.000000 1.000000 1.000000 1.000000
-4399.549805 0.000000 670.044800 0.000000 0.000000 0.000000 1.000000 1.000000 1.000000 1.000000
"}
object={
	name="env_forest_mountains"
	render_pass=Map
	clamp_to_water_level=yes
	generated_content=no
	layer="env_effect_mountains_layer"
	entity="env_mist_sun"
	count=79
	transform="1160.028442 0.000000 820.774170 0.000000 0.000000 0.000000 1.000000 1.000000 1.000000 1.000000
1336.501587 0.000000 671.517456 0.000000 0.000000 0.000000 1.000000 1.000000 1.000000 1.000000
1397.476685 0.000000 559.999207 0.000000 0.000000 0.000000 1.000000 1.000000 1.000000 1.000000
1363.533813 0.000000 635.054565 0.000000 0.000000 0.000000 1.000000 1.000000 1.000000 1.000000
1197.355103 0.000000 765.680908 0.000000 0.000000 0.000000 1.000000 1.000000 1.000000 1.000000
1019.405884 0.000000 701.040894 0.000000 0.000000 0.000000 1.000000 1.000000 1.000000 1.000000
1304.943481 0.000000 571.740967 0.000000 0.000000 0.000000 1.000000 1.000000 1.000000 1.000000
1294.401489 0.000000 552.023376 0.000000 0.000000 0.000000 1.000000 1.000000 1.000000 1.000000
-3150.665771 0.000000 2335.905273 0.000000 0.000000 0.000000 1.000000 1.000000 1.000000 1.000000
-2991.824951 0.000000 2261.739258 0.000000 0.000000 0.000000 1.000000 1.000000 1.000000 1.000000
-2957.367432 0.000000 2207.572754 0.000000 0.000000 0.000000 1.000000 1.000000 1.000000 1.000000
-3148.994873 0.000000 4030.428223 0.000000 0.000000 0.000000 1.000000 1.000000 1.000000 1.000000
-3209.311279 0.000000 3915.396484 0.000000 0.000000 0.000000 1.000000 1.000000 1.000000 1.000000
-3336.889893 0.000000 3775.274414 0.000000 0.000000 0.000000 1.000000 1.000000 1.000000 1.000000
-3421.245361 0.000000 3668.915039 0.000000 0.000000 0.000000 1.000000 1.000000 1.000000 1.000000
-3523.015381 0.000000 3559.867188 0.000000 0.000000 0.000000 1.000000 1.000000 1.000000 1.000000
-3647.037354 0.000000 3368.005371 0.000000 0.000000 0.000000 1.000000 1.000000 1.000000 1.000000
-3650.418701 0.000000 3357.408203 0.000000 0.000000 0.000000 1.000000 1.000000 1.000000 1.000000
-4717.788086 0.000000 3093.390137 0.000000 0.000000 0.000000 1.000000 1.000000 1.000000 1.000000
-205.711700 0.000000 466.431335 0.000000 0.000000 0.000000 1.000000 1.000000 1.000000 1.000000
-136.574005 0.000000 290.570251 0.000000 0.000000 0.000000 1.000000 1.000000 1.000000 1.000000
-87.127228 0.000000 139.498962 0.000000 0.000000 0.000000 1.000000 1.000000 1.000000 1.000000
-64.151154 0.000000 92.667175 0.000000 0.000000 0.000000 1.000000 1.000000 1.000000 1.000000
16.342987 0.000000 -100.032043 0.000000 0.000000 0.000000 1.000000 1.000000 1.000000 1.000000
18.529510 0.000000 -29.941711 0.000000 0.000000 0.000000 1.000000 1.000000 1.000000 1.000000
83.878143 0.000000 59.675720 0.000000 0.000000 0.000000 1.000000 1.000000 1.000000 1.000000
1650.504517 0.000000 350.503357 0.000000 0.000000 0.000000 1.000000 1.000000 1.000000 1.000000
1714.175903 0.000000 266.607117 0.000000 0.000000 0.000000 1.000000 1.000000 1.000000 1.000000
1776.734497 0.000000 122.760925 0.000000 0.000000 0.000000 1.000000 1.000000 1.000000 1.000000
1793.332642 0.000000 58.850037 0.000000 0.000000 0.000000 1.000000 1.000000 1.000000 1.000000
1414.848755 0.000000 -431.109924 0.000000 0.000000 0.000000 1.000000 1.000000 1.000000 1.000000
1424.573853 0.000000 -499.172943 0.000000 0.000000 0.000000 1.000000 1.000000 1.000000 1.000000
1431.373657 0.000000 -540.465698 0.000000 0.000000 0.000000 1.000000 1.000000 1.000000 1.000000
1782.401978 0.000000 718.770264 0.000000 0.000000 0.000000 1.000000 1.000000 1.000000 1.000000
2207.144287 0.000000 733.027100 0.000000 0.000000 0.000000 1.000000 1.000000 1.000000 1.000000
2256.610107 0.000000 785.830811 0.000000 0.000000 0.000000 1.000000 1.000000 1.000000 1.000000
2555.596436 0.000000 717.241455 0.000000 0.000000 0.000000 1.000000 1.000000 1.000000 1.000000
2545.441162 0.000000 672.167114 0.000000 0.000000 0.000000 1.000000 1.000000 1.000000 1.000000
2534.736084 0.000000 651.108765 0.000000 0.000000 0.000000 1.000000 1.000000 1.000000 1.000000
2542.607178 0.000000 265.546692 0.000000 0.000000 0.000000 1.000000 1.000000 1.000000 1.000000
2202.084229 0.000000 -631.518066 0.000000 0.000000 0.000000 1.000000 1.000000 1.000000 1.000000
1336.260864 0.000000 -659.458496 0.000000 0.000000 0.000000 1.000000 1.000000 1.000000 1.000000
1408.890747 0.000000 -754.189697 0.000000 0.000000 0.000000 1.000000 1.000000 1.000000 1.000000
1487.705688 0.000000 -855.210205 0.000000 0.000000 0.000000 1.000000 1.000000 1.000000 1.000000
1495.896118 0.000000 -938.601685 0.000000 0.000000 0.000000 1.000000 1.000000 1.000000 1.000000
1566.381958 0.000000 -958.652100 0.000000 0.000000 0.000000 1.000000 1.000000 1.000000 1.000000
3513.303467 0.000000 -926.215454 0.000000 0.000000 0.000000 1.000000 1.000000 1.000000 1.000000
3756.576904 0.000000 -1052.072632 0.000000 0.000000 0.000000 1.000000 1.000000 1.000000 1.000000
3872.511475 0.000000 -1100.643555 0.000000 0.000000 0.000000 1.000000 1.000000 1.000000 1.000000
3924.859131 0.000000 -1130.410400 0.000000 0.000000 0.000000 1.000000 1.000000 1.000000 1.000000
3760.271240 0.000000 1966.166382 0.000000 0.000000 0.000000 1.000000 1.000000 1.000000 1.000000
3806.919678 0.000000 1988.003296 0.000000 0.000000 0.000000 1.000000 1.000000 1.000000 1.000000
3821.462646 0.000000 1991.125854 0.000000 0.000000 0.000000 1.000000 1.000000 1.000000 1.000000
3637.687256 0.000000 1726.104248 0.000000 0.000000 0.000000 1.000000 1.000000 1.000000 1.000000
3666.958740 0.000000 1670.825439 0.000000 0.000000 0.000000 1.000000 1.000000 1.000000 1.000000
3615.720459 0.000000 1539.648193 0.000000 0.000000 0.000000 1.000000 1.000000 1.000000 1.000000
3563.930420 0.000000 1477.717041 0.000000 0.000000 0.000000 1.000000 1.000000 1.000000 1.000000
3475.335693 0.000000 1424.886963 0.000000 0.000000 0.000000 1.000000 1.000000 1.000000 1.000000
3320.317139 0.000000 1368.102783 0.000000 0.000000 0.000000 1.000000 1.000000 1.000000 1.000000
3365.705811 0.000000 2340.995117 0.000000 0.000000 0.000000 1.000000 1.000000 1.000000 1.000000
3250.245850 0.000000 2142.348633 0.000000 0.000000 0.000000 1.000000 1.000000 1.000000 1.000000
3123.822998 0.000000 2047.984741 0.000000 0.000000 0.000000 1.000000 1.000000 1.000000 1.000000
3070.946045 0.000000 2007.394409 0.000000 0.000000 0.000000 1.000000 1.000000 1.000000 1.000000
3579.449951 0.000000 2395.834961 0.000000 0.000000 0.000000 1.000000 1.000000 1.000000 1.000000
3391.151123 0.000000 2551.750977 0.000000 0.000000 0.000000 1.000000 1.000000 1.000000 1.000000
2945.859131 0.000000 2571.511230 0.000000 0.000000 0.000000 1.000000 1.000000 1.000000 1.000000
2654.423584 0.000000 2600.144043 0.000000 0.000000 0.000000 1.000000 1.000000 1.000000 1.000000
2577.819092 0.000000 2681.043457 0.000000 0.000000 0.000000 1.000000 1.000000 1.000000 1.000000
2670.694092 0.000000 2720.063965 0.000000 0.000000 0.000000 1.000000 1.000000 1.000000 1.000000
1881.002563 0.000000 2904.793457 0.000000 0.000000 0.000000 1.000000 1.000000 1.000000 1.000000
1932.592407 0.000000 2851.970703 0.000000 0.000000 0.000000 1.000000 1.000000 1.000000 1.000000
1605.696411 0.000000 3043.932129 0.000000 0.000000 0.000000 1.000000 1.000000 1.000000 1.000000
1500.600220 0.000000 2990.323242 0.000000 0.000000 0.000000 1.000000 1.000000 1.000000 1.000000
1222.110474 0.000000 2913.276855 0.000000 0.000000 0.000000 1.000000 1.000000 1.000000 1.000000
863.900635 0.000000 3010.209961 0.000000 0.000000 0.000000 1.000000 1.000000 1.000000 1.000000
844.061768 0.000000 2993.478027 0.000000 0.000000 0.000000 1.000000 1.000000 1.000000 1.000000
2796.012451 0.000000 2833.962402 0.000000 0.000000 0.000000 1.000000 1.000000 1.000000 1.000000
2925.813232 0.000000 2891.178223 0.000000 0.000000 0.000000 1.000000 1.000000 1.000000 1.000000
2945.995850 0.000000 3041.149414 0.000000 0.000000 0.000000 1.000000 1.000000 1.000000 1.000000
"}
object={
	name="env_mist_forest"
	render_pass=Map
	clamp_to_water_level=yes
	generated_content=no
	layer="env_effect_layer"
	entity="env_mist_sun"
	count=58
	transform="-3567.276611 0.000000 2687.828125 0.000000 0.000000 0.000000 1.000000 1.000000 1.000000 1.000000
-4350.637695 0.000000 2261.107910 0.000000 0.000000 0.000000 1.000000 1.000000 1.000000 1.000000
-2807.406006 0.000000 2481.976074 0.000000 0.000000 0.000000 1.000000 1.000000 1.000000 1.000000
-4408.154297 0.000000 2070.002441 0.000000 0.000000 0.000000 1.000000 1.000000 1.000000 1.000000
-2837.552979 0.000000 3010.141113 0.000000 0.000000 0.000000 1.000000 1.000000 1.000000 1.000000
-2289.117920 0.000000 2617.821289 0.000000 0.000000 0.000000 1.000000 1.000000 1.000000 1.000000
-2418.170654 0.000000 2575.954102 0.000000 0.000000 0.000000 1.000000 1.000000 1.000000 1.000000
-1817.575073 0.000000 2610.844238 0.000000 0.000000 0.000000 1.000000 1.000000 1.000000 1.000000
-1573.181030 0.000000 2821.821289 0.000000 0.000000 0.000000 1.000000 1.000000 1.000000 1.000000
-1501.677124 0.000000 2892.594727 0.000000 0.000000 0.000000 1.000000 1.000000 1.000000 1.000000
-1704.313843 0.000000 3010.097168 0.000000 0.000000 0.000000 1.000000 1.000000 1.000000 1.000000
-2106.935791 0.000000 2903.273438 0.000000 0.000000 0.000000 1.000000 1.000000 1.000000 1.000000
-2198.491455 0.000000 2892.607910 0.000000 0.000000 0.000000 1.000000 1.000000 1.000000 1.000000
-2377.807373 0.000000 2871.340820 0.000000 0.000000 0.000000 1.000000 1.000000 1.000000 1.000000
-3236.355225 0.000000 2978.362793 0.000000 0.000000 0.000000 1.000000 1.000000 1.000000 1.000000
-3089.276611 0.000000 3502.000000 0.000000 0.000000 0.000000 1.000000 1.000000 1.000000 1.000000
-3197.878662 0.000000 3410.807129 0.000000 0.000000 0.000000 1.000000 1.000000 1.000000 1.000000
-3535.598877 0.000000 3497.946289 0.000000 0.000000 0.000000 1.000000 1.000000 1.000000 1.000000
-3577.799072 0.000000 3373.941895 0.000000 0.000000 0.000000 1.000000 1.000000 1.000000 1.000000
-3610.241943 0.000000 3286.861328 0.000000 0.000000 0.000000 1.000000 1.000000 1.000000 1.000000
-3695.132080 0.000000 3275.984375 0.000000 0.000000 0.000000 1.000000 1.000000 1.000000 1.000000
-3578.511963 0.000000 3189.494629 0.000000 0.000000 0.000000 1.000000 1.000000 1.000000 1.000000
-3535.726807 0.000000 3085.214844 0.000000 0.000000 0.000000 1.000000 1.000000 1.000000 1.000000
-3010.343018 0.000000 3823.429688 0.000000 0.000000 0.000000 1.000000 1.000000 1.000000 1.000000
-2866.907959 0.000000 3861.042480 0.000000 0.000000 0.000000 1.000000 1.000000 1.000000 1.000000
-2856.654541 0.000000 3901.791016 0.000000 0.000000 0.000000 1.000000 1.000000 1.000000 1.000000
978.215576 0.000000 772.038330 0.000000 0.000000 0.000000 1.000000 1.000000 1.000000 1.000000
985.588135 0.000000 668.151978 0.000000 0.000000 0.000000 1.000000 1.000000 1.000000 1.000000
986.370361 0.000000 598.921387 0.000000 0.000000 0.000000 1.000000 1.000000 1.000000 1.000000
1341.059204 0.000000 685.366577 0.000000 0.000000 0.000000 1.000000 1.000000 1.000000 1.000000
1438.605103 0.000000 519.880554 0.000000 0.000000 0.000000 1.000000 1.000000 1.000000 1.000000
319.126190 0.000000 922.806030 0.000000 0.000000 0.000000 1.000000 1.000000 1.000000 1.000000
487.922089 0.000000 877.333374 0.000000 0.000000 0.000000 1.000000 1.000000 1.000000 1.000000
656.552979 0.000000 852.826050 0.000000 0.000000 0.000000 1.000000 1.000000 1.000000 1.000000
716.281982 0.000000 835.357788 0.000000 0.000000 0.000000 1.000000 1.000000 1.000000 1.000000
591.429932 0.000000 685.500366 0.000000 0.000000 0.000000 1.000000 1.000000 1.000000 1.000000
310.065643 0.000000 602.436646 0.000000 0.000000 0.000000 1.000000 1.000000 1.000000 1.000000
245.518280 0.000000 547.231018 0.000000 0.000000 0.000000 1.000000 1.000000 1.000000 1.000000
135.196014 0.000000 444.151672 0.000000 0.000000 0.000000 1.000000 1.000000 1.000000 1.000000
80.473358 0.000000 605.826538 0.000000 0.000000 0.000000 1.000000 1.000000 1.000000 1.000000
-9.338654 0.000000 526.612122 0.000000 0.000000 0.000000 1.000000 1.000000 1.000000 1.000000
-129.156036 0.000000 488.773743 0.000000 0.000000 0.000000 1.000000 1.000000 1.000000 1.000000
-140.119904 0.000000 433.970032 0.000000 0.000000 0.000000 1.000000 1.000000 1.000000 1.000000
-171.731232 0.000000 324.973816 0.000000 0.000000 0.000000 1.000000 1.000000 1.000000 1.000000
-156.930450 0.000000 226.551697 0.000000 0.000000 0.000000 1.000000 1.000000 1.000000 1.000000
-101.837677 0.000000 145.479797 0.000000 0.000000 0.000000 1.000000 1.000000 1.000000 1.000000
124.427460 0.000000 205.943909 0.000000 0.000000 0.000000 1.000000 1.000000 1.000000 1.000000
148.445038 0.000000 202.450378 0.000000 0.000000 0.000000 1.000000 1.000000 1.000000 1.000000
473.689178 0.000000 450.957336 0.000000 0.000000 0.000000 1.000000 1.000000 1.000000 1.000000
-3164.040283 0.000000 2264.933105 0.000000 0.000000 0.000000 1.000000 1.000000 1.000000 1.000000
-3327.598389 0.000000 2170.524902 0.000000 0.000000 0.000000 1.000000 1.000000 1.000000 1.000000
-3094.058838 0.000000 2194.867188 0.000000 0.000000 0.000000 1.000000 1.000000 1.000000 1.000000
-3413.822998 0.000000 2215.947266 0.000000 0.000000 0.000000 1.000000 1.000000 1.000000 1.000000
-3674.575928 0.000000 2483.081055 0.000000 0.000000 0.000000 1.000000 1.000000 1.000000 1.000000
-3675.058350 0.000000 2643.910645 0.000000 0.000000 0.000000 1.000000 1.000000 1.000000 1.000000
-3519.606689 0.000000 2719.054688 0.000000 0.000000 0.000000 1.000000 1.000000 1.000000 1.000000
-4376.138672 0.000000 2426.864258 0.000000 0.000000 0.000000 1.000000 1.000000 1.000000 1.000000
-4651.926758 0.000000 2632.967773 0.000000 0.000000 0.000000 1.000000 1.000000 1.000000 1.000000
"}
object={
	name="env_snow_mountains"
	render_pass=Map
	clamp_to_water_level=yes
	generated_content=no
	layer="env_effect_mountains_layer"
	entity="env_snow_mountains"
	count=67
	transform="182.351776 0.000000 1130.749268 0.000000 0.000000 0.000000 1.000000 1.000000 1.000000 1.000000
328.110565 0.000000 1063.409912 0.000000 0.000000 0.000000 1.000000 1.000000 1.000000 1.000000
1042.021118 0.000000 1017.231689 0.000000 0.000000 0.000000 1.000000 1.000000 1.000000 1.000000
1197.686646 0.000000 1019.688232 0.000000 0.000000 0.000000 1.000000 1.000000 1.000000 1.000000
1497.594360 0.000000 1120.281006 0.000000 0.000000 0.000000 1.000000 1.000000 1.000000 1.000000
-471.328888 0.000000 1673.404541 0.000000 0.000000 0.000000 1.000000 1.000000 1.000000 1.000000
35.130585 0.000000 1794.886475 0.000000 0.000000 0.000000 1.000000 1.000000 1.000000 1.000000
230.134003 0.000000 1875.341064 0.000000 0.000000 0.000000 1.000000 1.000000 1.000000 1.000000
-160.152618 0.000000 1504.394775 0.000000 0.000000 0.000000 1.000000 1.000000 1.000000 1.000000
-67.912872 0.000000 1483.353760 0.000000 0.000000 0.000000 1.000000 1.000000 1.000000 1.000000
703.883057 0.000000 2344.921875 0.000000 0.000000 0.000000 1.000000 1.000000 1.000000 1.000000
599.838135 0.000000 2373.392090 0.000000 0.000000 0.000000 1.000000 1.000000 1.000000 1.000000
845.407471 0.000000 2210.843262 0.000000 0.000000 0.000000 1.000000 1.000000 1.000000 1.000000
672.329346 0.000000 2439.837891 0.000000 0.000000 0.000000 1.000000 1.000000 1.000000 1.000000
599.845459 0.000000 2486.025391 0.000000 0.000000 0.000000 1.000000 1.000000 1.000000 1.000000
566.495361 0.000000 2548.876953 0.000000 0.000000 0.000000 1.000000 1.000000 1.000000 1.000000
586.011475 0.000000 2655.342285 0.000000 0.000000 0.000000 1.000000 1.000000 1.000000 1.000000
670.372314 0.000000 2734.191406 0.000000 0.000000 0.000000 1.000000 1.000000 1.000000 1.000000
660.825439 0.000000 2804.727051 0.000000 0.000000 0.000000 1.000000 1.000000 1.000000 1.000000
1166.423950 0.000000 2260.338867 0.000000 0.000000 0.000000 1.000000 1.000000 1.000000 1.000000
1265.532349 0.000000 2256.399414 0.000000 0.000000 0.000000 1.000000 1.000000 1.000000 1.000000
1313.258423 0.000000 2262.365234 0.000000 0.000000 0.000000 1.000000 1.000000 1.000000 1.000000
-3674.712158 0.000000 2180.374023 0.000000 0.000000 0.000000 1.000000 1.000000 1.000000 1.000000
-3751.258545 0.000000 2180.458008 0.000000 0.000000 0.000000 1.000000 1.000000 1.000000 1.000000
-3834.766357 0.000000 2177.931152 0.000000 0.000000 0.000000 1.000000 1.000000 1.000000 1.000000
-3888.905029 0.000000 2171.947266 0.000000 0.000000 0.000000 1.000000 1.000000 1.000000 1.000000
-4020.894287 0.000000 2162.724609 0.000000 0.000000 0.000000 1.000000 1.000000 1.000000 1.000000
-4014.654541 0.000000 2119.335449 0.000000 0.000000 0.000000 1.000000 1.000000 1.000000 1.000000
-4053.914307 0.000000 2067.031738 0.000000 0.000000 0.000000 1.000000 1.000000 1.000000 1.000000
-4022.229736 0.000000 2017.091187 0.000000 0.000000 0.000000 1.000000 1.000000 1.000000 1.000000
-4489.431641 0.000000 1940.971558 0.000000 0.000000 0.000000 1.000000 1.000000 1.000000 1.000000
-4370.892578 0.000000 1893.614990 0.000000 0.000000 0.000000 1.000000 1.000000 1.000000 1.000000
-4341.965820 0.000000 1881.820068 0.000000 0.000000 0.000000 1.000000 1.000000 1.000000 1.000000
-4319.673828 0.000000 1881.416748 0.000000 0.000000 0.000000 1.000000 1.000000 1.000000 1.000000
-5512.920898 0.000000 3677.213867 0.000000 0.000000 0.000000 1.000000 1.000000 1.000000 1.000000
-5406.336914 0.000000 3670.322266 0.000000 0.000000 0.000000 1.000000 1.000000 1.000000 1.000000
-5373.448242 0.000000 3674.098633 0.000000 0.000000 0.000000 1.000000 1.000000 1.000000 1.000000
-5356.578125 0.000000 3673.251465 0.000000 0.000000 0.000000 1.000000 1.000000 1.000000 1.000000
-3913.698975 0.000000 3405.619629 0.000000 0.000000 0.000000 1.000000 1.000000 1.000000 1.000000
-4052.464600 0.000000 3295.604004 0.000000 0.000000 0.000000 1.000000 1.000000 1.000000 1.000000
-4032.857178 0.000000 3306.411621 0.000000 0.000000 0.000000 1.000000 1.000000 1.000000 1.000000
-3944.338623 0.000000 3436.079102 0.000000 0.000000 0.000000 1.000000 1.000000 1.000000 1.000000
-3770.928467 0.000000 3617.652344 0.000000 0.000000 0.000000 1.000000 1.000000 1.000000 1.000000
-3549.439697 0.000000 3777.342285 0.000000 0.000000 0.000000 1.000000 1.000000 1.000000 1.000000
-3385.580322 0.000000 3894.944336 0.000000 0.000000 0.000000 1.000000 1.000000 1.000000 1.000000
-3292.295166 0.000000 3976.821777 0.000000 0.000000 0.000000 1.000000 1.000000 1.000000 1.000000
-3254.875244 0.000000 4012.552246 0.000000 0.000000 0.000000 1.000000 1.000000 1.000000 1.000000
-3370.214600 0.000000 3943.371582 0.000000 0.000000 0.000000 1.000000 1.000000 1.000000 1.000000
-3540.341553 0.000000 3821.497070 0.000000 0.000000 0.000000 1.000000 1.000000 1.000000 1.000000
-3654.010986 0.000000 3730.798828 0.000000 0.000000 0.000000 1.000000 1.000000 1.000000 1.000000
-3770.928467 0.000000 3617.652344 0.000000 0.000000 0.000000 1.000000 1.000000 1.000000 1.000000
-3785.080811 0.000000 3568.673828 0.000000 0.000000 0.000000 1.000000 1.000000 1.000000 1.000000
-3834.947998 0.000000 3478.003906 0.000000 0.000000 0.000000 1.000000 1.000000 1.000000 1.000000
-3867.358154 0.000000 3411.352539 0.000000 0.000000 0.000000 1.000000 1.000000 1.000000 1.000000
-3163.766846 0.000000 2342.510742 0.000000 0.000000 0.000000 1.000000 1.000000 1.000000 1.000000
-3095.321533 0.000000 2306.970703 0.000000 0.000000 0.000000 1.000000 1.000000 1.000000 1.000000
-2994.765381 0.000000 2259.767090 0.000000 0.000000 0.000000 1.000000 1.000000 1.000000 1.000000
-2956.428955 0.000000 2212.619141 0.000000 0.000000 0.000000 1.000000 1.000000 1.000000 1.000000
-2950.767334 0.000000 2162.663574 0.000000 0.000000 0.000000 1.000000 1.000000 1.000000 1.000000
-3048.489502 0.000000 2115.695312 0.000000 0.000000 0.000000 1.000000 1.000000 1.000000 1.000000
-3154.822021 0.000000 2030.859253 0.000000 0.000000 0.000000 1.000000 1.000000 1.000000 1.000000
-2085.973389 0.000000 1956.567261 0.000000 0.000000 0.000000 1.000000 1.000000 1.000000 1.000000
-1990.842163 0.000000 1931.817749 0.000000 0.000000 0.000000 1.000000 1.000000 1.000000 1.000000
-1888.417603 0.000000 1892.649658 0.000000 0.000000 0.000000 1.000000 1.000000 1.000000 1.000000
-1793.071655 0.000000 1872.147217 0.000000 0.000000 0.000000 1.000000 1.000000 1.000000 1.000000
-1698.774292 0.000000 1832.566162 0.000000 0.000000 0.000000 1.000000 1.000000 1.000000 1.000000
-1706.588745 0.000000 1840.903076 0.000000 0.000000 0.000000 1.000000 1.000000 1.000000 1.000000
"}
object={
	name="env_snow_plains"
	render_pass=Map
	clamp_to_water_level=yes
	generated_content=no
	layer="env_effect_layer"
	entity="env_snow_plains"
	count=5
	transform="-2440.746338 0.000000 4061.333496 0.000000 0.000000 0.000000 1.000000 1.000000 1.000000 1.000000
-2311.409912 0.000000 4003.678711 0.000000 0.000000 0.000000 1.000000 1.000000 1.000000 1.000000
-1382.687866 0.000000 3839.054688 0.000000 0.000000 0.000000 1.000000 1.000000 1.000000 1.000000
-2637.903076 0.000000 4111.874512 0.000000 0.000000 0.000000 1.000000 1.000000 1.000000 1.000000
-2890.515869 0.000000 4209.694824 0.000000 0.000000 0.000000 1.000000 1.000000 1.000000 1.000000
"}
object={
	name="env_snow_plains_ambient"
	render_pass=Map
	clamp_to_water_level=yes
	generated_content=no
	layer="env_effect_layer"
	entity="env_snow_plains_ambient"
	count=7
	transform="-2278.206299 0.000000 3967.376465 0.000000 0.000000 0.000000 1.000000 1.000000 1.000000 1.000000
-2690.939209 0.000000 4035.220215 0.000000 0.000000 0.000000 1.000000 1.000000 1.000000 1.000000
-430.544220 0.000000 3692.346680 0.000000 0.000000 0.000000 1.000000 1.000000 1.000000 1.000000
-249.058380 0.000000 3646.791016 0.000000 0.000000 0.000000 1.000000 1.000000 1.000000 1.000000
82.761444 0.000000 3646.796875 0.000000 0.000000 0.000000 1.000000 1.000000 1.000000 1.000000
201.759003 0.000000 3660.903809 0.000000 0.000000 0.000000 1.000000 1.000000 1.000000 1.000000
-82.524689 0.000000 3566.693359 0.000000 0.000000 0.000000 1.000000 1.000000 1.000000 1.000000
"}
object={
	name="waterfall"
	render_pass=Map
	clamp_to_water_level=yes
	generated_content=no
	layer="coast_foam_layer"
	entity="waterfall"
	count=0
}
object={
	name="waterfall_bottom"
	render_pass=Map
	clamp_to_water_level=yes
	generated_content=no
	layer="coast_foam_layer"
	entity="waterfall_bottom"
	count=0
}
