object={
	name="lakes"
	render_pass=Map
	clamp_to_water_level=no
	generated_content=no
	layer="lake_layer"
	pdxmesh="lake_mesh"
	count=204
	transform="-4077.219482 2.062378 2173.966309 0.000000 -0.141371 0.000000 0.989957 25.716228 25.716228 25.716228
-3915.042725 1.462280 2261.597656 0.000000 0.181889 0.000000 0.983319 30.029146 30.029146 30.029146
-3118.176025 0.613891 2749.510254 0.000000 0.000000 0.000000 1.000000 8.815869 8.815869 8.815869
-3197.715088 0.652954 2756.126465 0.000000 0.580932 0.000000 0.813952 19.246355 19.246355 19.246355
-3194.340576 0.938110 2726.865723 0.000000 0.407578 0.000000 0.913171 24.815107 24.815107 24.815107
-3430.262451 0.826538 2202.295410 0.000000 -0.177341 0.000000 0.984150 33.728848 33.728848 33.728848
-3763.107666 1.456421 1899.849365 0.000000 0.217724 0.000000 0.976010 12.116850 12.116850 12.116850
-3237.604248 3.027954 1781.972412 0.000000 0.607972 0.000000 0.793959 13.299590 13.299590 13.299590
-3255.842041 2.115845 1794.036865 0.000000 0.689680 0.000000 0.724114 13.230052 13.230052 13.230052
-2522.214600 2.450073 1640.053467 0.000000 0.364795 0.000000 0.931088 33.852337 33.852337 33.852337
-2667.107666 2.756714 1591.006104 0.000000 0.709951 0.000000 0.704251 19.967098 19.967098 19.967098
-2631.567627 3.411743 1572.183838 0.000000 0.479372 0.000000 0.877612 18.849056 18.849056 18.849056
-3835.275146 0.614624 2117.555176 0.000000 0.770003 0.000000 0.638041 18.584517 18.584517 18.584517
-3630.635986 0.132690 2595.707031 0.000000 0.667719 0.000000 0.744414 5.542456 5.542456 5.542456
-3710.836670 -0.098023 2684.823242 0.000000 0.000000 0.000000 1.000000 5.739478 5.739478 5.739478
-3718.827393 1.159302 2701.760742 0.000000 0.616465 0.000000 0.787382 11.950488 11.950488 11.950488
-3767.621826 1.988891 3433.506836 0.000000 0.688088 0.000000 0.725628 29.420162 29.420162 29.420162
-3778.286865 1.440552 3479.261719 0.000000 0.000000 0.000000 1.000000 14.071822 14.071822 14.071822
-3825.714111 0.488891 3531.650879 0.000000 0.000000 0.000000 1.000000 22.235067 22.235067 22.235067
-3534.582764 0.246704 3071.648926 0.000000 0.000000 0.000000 1.000000 15.321826 15.321826 15.321826
-3580.546631 0.460083 3453.392578 0.000000 0.000000 0.000000 1.000000 29.109011 29.109011 29.109011
-3571.910889 0.783325 3495.937500 0.000000 0.306567 0.000000 0.951849 18.478765 18.478765 18.478765
-3617.579834 -0.175171 3516.544434 0.000000 0.604574 0.000000 0.796549 63.485004 63.485004 63.485004
-3625.999268 0.810669 3597.721191 0.000000 0.259743 0.000000 0.965678 33.809071 33.809071 33.809071
-3694.214111 0.760864 3566.176758 0.000000 0.327233 0.000000 0.944944 30.079529 30.079529 30.079529
-3539.219482 0.674438 3615.407227 0.000000 0.558461 0.000000 0.829531 29.779881 29.779881 29.779881
-3556.680420 0.380493 3595.859863 0.000000 0.409360 0.000000 0.912373 28.038782 28.038782 28.038782
-3597.432373 -0.715210 3634.943359 0.000000 0.000000 0.000000 1.000000 52.261814 52.261814 52.261814
-3664.106689 -0.833374 3676.461426 0.000000 0.221773 0.000000 0.975098 52.815685 52.815685 52.815685
-3641.744873 1.863403 3763.458496 0.000000 -0.381951 0.000000 0.924182 31.743128 31.743128 31.743128
-3581.780518 -1.710816 3706.084473 0.000000 0.325271 0.000000 0.945621 34.511902 34.511902 34.511902
-3484.455322 1.295532 3717.503418 0.000000 0.221059 0.000000 0.975260 32.785950 32.785950 32.785950
-3513.888916 0.740356 3670.582520 0.000000 0.265809 0.000000 0.964026 44.409973 44.409973 44.409973
-3419.073486 1.373169 3790.872559 0.000000 0.513908 0.000000 0.857845 56.259609 56.259609 56.259609
-3365.525635 0.849731 3867.894043 0.000000 0.258800 0.000000 0.965931 62.600853 62.600853 62.600853
-3366.602295 -0.306030 3923.457520 0.000000 0.247522 0.000000 0.968882 70.339722 70.339722 70.339722
-3482.210205 -1.171753 3928.993652 0.000000 0.000000 0.000000 1.000000 31.909939 31.909939 31.909939
-3434.966064 1.156372 3948.902344 0.000000 0.162966 0.000000 0.986632 57.330715 57.330715 57.330715
-3305.279053 0.024048 4012.501465 0.000000 0.245452 0.000000 0.969409 80.230553 80.230553 80.230553
-3325.480225 -0.455933 4036.344727 0.000000 0.127036 0.000000 0.991898 33.728535 33.728535 33.728535
-3052.642822 1.269653 4150.899902 0.000000 0.000000 0.000000 1.000000 14.114502 14.114502 14.114502
-2884.259521 -1.609741 3984.677734 0.000000 0.114858 0.000000 0.993382 69.747192 69.747192 69.747192
-1959.699585 3.106323 1632.429443 0.000000 -0.208840 0.000000 0.977950 58.532623 58.532623 58.532623
-1749.133667 0.726440 1783.744385 0.000000 0.000000 0.000000 1.000000 37.542984 37.542984 37.542984
-1827.950073 3.716430 1744.894775 0.000000 0.481620 0.000000 0.876380 32.546665 32.546665 32.546665
-1827.084351 1.607788 1564.105225 0.000000 0.563766 0.000000 0.825935 47.735088 47.735088 47.735088
-1492.132202 1.515747 1391.069092 0.000000 -0.274213 0.000000 0.961669 28.415146 28.415146 28.415146
-1401.320679 3.340454 1208.463135 0.000000 0.397969 0.000000 0.917399 39.320568 39.320568 39.320568
-1395.187378 2.815307 1031.432373 0.000000 0.514431 0.000000 0.857532 13.066608 13.066608 13.066608
-1347.188354 -1.814331 1035.032471 0.000000 0.314631 0.000000 0.949214 44.320930 44.320930 44.320930
-1168.896362 2.834839 1072.323486 0.000000 0.000000 0.000000 1.000000 16.230957 16.230957 16.230957
-1093.606323 1.148071 1109.021240 0.000000 0.000000 0.000000 1.000000 30.829477 30.829477 30.829477
-1045.926636 1.083618 1045.547119 0.000000 0.000000 0.000000 1.000000 28.459480 28.459480 28.459480
-1039.542236 1.231567 980.593628 0.000000 -0.960504 0.000000 -0.278265 25.483728 25.483728 25.483728
-1057.706909 1.531128 912.181030 0.000000 0.000000 0.000000 1.000000 36.660641 36.660641 36.660641
-396.323517 1.518432 1743.596436 0.000000 -0.009949 0.000000 0.999951 28.971130 28.971130 28.971130
767.504639 1.897339 1757.542725 0.000000 0.599212 0.000000 0.800590 36.138241 36.138241 36.138241
-55.261505 1.479370 1194.364014 0.000000 0.000000 0.000000 1.000000 36.249866 36.249866 36.249866
-24.117462 -1.702271 1156.031982 0.000000 0.232354 0.000000 0.972631 22.343920 22.343920 22.343920
-236.937286 -4.987427 1350.079346 0.000000 0.681147 0.000000 0.732146 29.752474 29.752474 29.752474
-190.316193 0.949585 1271.018799 0.000000 0.000000 0.000000 1.000000 25.746078 25.746078 25.746078
101.649628 -4.348023 1307.207764 0.000000 0.228672 0.000000 0.973504 24.650063 24.650063 24.650063
251.437714 1.578247 1107.023682 0.000000 0.000000 0.000000 1.000000 33.077885 33.077885 33.077885
1175.534790 4.401977 1387.648682 0.000000 0.000000 0.000000 1.000000 35.848476 35.848476 35.848476
1345.063110 3.721069 1510.031494 0.000000 0.000000 0.000000 1.000000 62.675552 62.675552 62.675552
16.219940 2.619018 1888.536377 0.000000 -0.116374 0.000000 0.993205 81.934944 81.934944 81.934944
1782.187622 -3.905396 2674.032227 0.000000 -0.473577 0.000000 0.880753 291.361450 291.361450 291.361450
1360.472290 3.098022 2518.290039 0.000000 0.818679 0.000000 0.574252 52.470875 52.470875 52.470875
1152.861450 4.316284 1766.112061 0.000000 0.000000 0.000000 1.000000 47.196121 47.196121 47.196121
1398.387329 -1.464234 1865.395264 0.000000 0.301799 0.000000 0.953371 50.206352 50.206352 50.206352
1540.706665 2.977661 1664.984619 0.000000 0.000000 0.000000 1.000000 42.057457 42.057457 42.057457
1840.886353 1.270141 1784.560791 0.000000 0.915618 0.000000 0.402048 19.927397 19.927397 19.927397
2342.921631 1.475220 2361.359375 0.000000 -0.397185 0.000000 0.917739 51.825203 51.825203 51.825203
3417.084717 0.858032 1403.902588 0.000000 0.880668 0.000000 0.473734 30.101326 30.101326 30.101326
-60.657501 0.897583 2187.688965 0.000000 0.000000 0.000000 1.000000 365.326447 365.326447 365.326447
389.610077 1.440063 2296.749023 0.000000 0.226770 0.000000 0.973948 54.817661 54.817661 54.817661
504.523193 3.873657 2345.038574 0.000000 0.000000 0.000000 1.000000 26.493692 26.493692 26.493692
344.446014 1.019409 2061.151367 0.000000 0.141914 0.000000 0.989879 24.886053 24.886053 24.886053
37.229218 1.733520 1987.490601 0.000000 0.000000 0.000000 1.000000 41.502617 41.502617 41.502617
-238.153107 3.930786 1846.194580 0.000000 0.000000 0.000000 1.000000 27.843401 27.843401 27.843401
-559.103271 -0.906616 1793.636475 0.000000 0.179563 0.000000 0.983747 66.450554 66.450554 66.450554
802.138916 3.220337 1591.964600 0.000000 0.228137 0.000000 0.973629 15.133985 15.133985 15.133985
718.294189 6.303345 1558.041748 0.000000 0.000000 0.000000 1.000000 25.288542 25.288542 25.288542
661.222900 5.973755 1525.449463 0.000000 0.000000 0.000000 1.000000 30.422443 30.422443 30.422443
720.916748 5.961792 1475.411377 0.000000 0.331267 0.000000 0.943537 18.944029 18.944029 18.944029
1051.126099 2.582397 1519.109131 0.000000 0.359903 0.000000 0.932990 17.884165 17.884165 17.884165
579.915283 2.801880 1858.573486 0.000000 0.000000 0.000000 1.000000 30.252205 30.252205 30.252205
163.503632 6.297485 1403.170654 0.000000 0.000000 0.000000 1.000000 15.879004 15.879004 15.879004
235.582733 7.306030 1390.998291 0.000000 0.000000 0.000000 1.000000 19.269825 19.269825 19.269825
306.538788 5.859497 1337.367432 0.000000 0.468462 0.000000 0.883484 20.773132 20.773132 20.773132
265.206268 7.507202 1326.240967 0.000000 0.103634 0.000000 0.994615 24.500183 24.500183 24.500183
373.660858 0.908813 1149.896240 0.000000 0.000000 0.000000 1.000000 72.347328 72.347328 72.347328
379.890839 -1.559448 1125.697998 0.000000 0.986850 0.000000 0.161637 18.215691 18.215691 18.215691
348.410858 6.550415 1166.039795 0.000000 0.229622 0.000000 0.973280 22.089788 22.089788 22.089788
914.648682 4.565796 1440.475830 0.000000 0.254671 0.000000 0.967028 22.751417 22.751417 22.751417
873.561768 5.014038 1403.510986 0.000000 0.000000 0.000000 1.000000 17.096167 17.096167 17.096167
860.663818 6.874634 1425.877686 0.000000 0.074638 0.000000 0.997211 17.931128 17.931128 17.931128
817.428467 4.882446 1427.805420 0.000000 0.000000 0.000000 1.000000 20.167812 20.167812 20.167812
762.338135 5.565063 1437.792725 0.000000 0.000000 0.000000 1.000000 23.145601 23.145601 23.145601
770.794189 6.494751 1402.647217 0.000000 0.000000 0.000000 1.000000 30.697575 30.697575 30.697575
773.834229 6.984497 1377.961182 0.000000 0.000000 0.000000 1.000000 28.668528 28.668528 28.668528
705.971924 3.154175 1410.937744 0.000000 0.467761 0.000000 0.883855 17.577934 17.577934 17.577934
696.760010 4.473999 1355.601807 0.000000 0.000000 0.000000 1.000000 23.960716 23.960716 23.960716
589.943115 1.367065 1362.141357 0.000000 0.000000 0.000000 1.000000 16.882593 16.882593 16.882593
381.989960 0.831421 1117.753174 0.000000 0.796441 0.000000 0.604716 13.716675 13.716675 13.716675
494.099335 5.843872 1128.629639 0.000000 0.301159 0.000000 0.953574 37.037724 37.037724 37.037724
408.341034 5.920532 1093.603271 0.000000 0.664350 0.000000 0.747422 12.498965 12.498965 12.498965
453.250214 7.991089 1076.203857 0.000000 0.501762 0.000000 0.865006 16.051683 16.051683 16.051683
820.638428 2.861694 1317.441162 0.000000 0.739013 0.000000 0.673691 13.697510 13.697510 13.697510
754.652588 -0.510132 1289.239990 0.000000 0.000000 0.000000 1.000000 47.828686 47.828686 47.828686
535.320557 3.693481 1106.276123 0.000000 0.382966 0.000000 0.923762 10.703662 10.703662 10.703662
544.037354 8.444702 1080.626221 0.000000 0.785273 0.000000 0.619149 14.384660 14.384660 14.384660
554.398682 4.455688 1133.462158 0.000000 0.855202 0.000000 0.518295 25.494110 25.494110 25.494110
584.785889 5.861206 1131.812256 0.000000 -0.215639 0.000000 0.976473 24.337795 24.337795 24.337795
502.782471 3.989624 1057.256104 0.000000 0.671391 0.000000 0.741103 15.486963 15.486963 15.486963
607.988525 6.119751 1187.170654 0.000000 0.000000 0.000000 1.000000 17.559423 17.559423 17.559423
637.165771 -4.005982 1180.561279 0.000000 -0.228493 0.000000 0.973545 24.632040 24.632040 24.632040
689.242432 -2.305542 1172.107666 0.000000 0.000000 0.000000 1.000000 41.724617 41.724617 41.724617
655.454834 6.048218 1139.336182 0.000000 0.356598 0.000000 0.934258 25.156183 25.156183 25.156183
786.533447 6.895141 1111.829834 0.000000 -0.196228 0.000000 0.980558 39.621914 39.621914 39.621914
784.825928 4.105347 1147.729248 0.000000 0.750297 0.000000 0.661101 18.801950 18.801950 18.801950
749.680420 7.789429 1220.770752 0.000000 -0.100963 0.000000 0.994890 17.746574 17.746574 17.746574
800.535889 3.617798 1201.323486 0.000000 0.000000 0.000000 1.000000 26.170481 26.170481 26.170481
836.505615 6.210327 1196.708252 0.000000 0.699777 0.000000 0.714361 13.374123 13.374123 13.374123
774.804932 -3.148560 970.738647 0.000000 0.137200 0.000000 0.990543 21.049049 21.049049 21.049049
790.165771 4.290649 995.002197 0.000000 0.136474 0.000000 0.990644 19.076134 19.076134 19.076134
2353.496826 1.477173 2271.964355 0.000000 -0.370472 0.000000 0.928844 24.750700 24.750700 24.750700
2347.234131 0.254028 2238.415039 0.000000 0.000000 0.000000 1.000000 7.252531 7.252531 7.252531
2327.675537 0.445923 2247.582031 0.000000 -0.114494 0.000000 0.993424 7.137675 7.137675 7.137675
2341.725342 2.761597 2103.276855 0.000000 -0.430960 0.000000 0.902371 20.113728 20.113728 20.113728
2291.806396 3.669556 1948.136597 0.000000 -0.353859 0.000000 0.935299 24.707047 24.707047 24.707047
2733.060303 0.921020 2090.620605 0.000000 0.472985 0.000000 0.881070 19.233585 19.233585 19.233585
2739.535889 0.579468 2154.284668 0.000000 0.000000 0.000000 1.000000 12.701392 12.701392 12.701392
2714.905029 0.760864 2121.666016 0.000000 0.000000 0.000000 1.000000 14.538870 14.538870 14.538870
1259.678833 -3.986817 -572.107178 0.000000 0.406574 0.000000 0.913618 26.755760 26.755760 26.755760
-2042.296509 -0.131226 -51.762024 0.000000 0.476638 0.000000 0.879100 6.727930 6.727930 6.727930
-2037.391235 1.649658 -72.542297 0.000000 0.600824 0.000000 0.799381 13.437073 13.437073 13.437073
-2340.916260 -2.909485 -509.515747 0.000000 0.784555 0.000000 0.620060 98.592720 98.592720 98.592720
-2261.919189 0.630005 -361.529114 0.000000 0.896234 0.000000 0.443581 58.915405 58.915405 58.915405
-2551.788818 -0.505799 -630.748047 0.000000 0.000000 0.000000 1.000000 40.950066 40.950066 40.950066
-2547.550537 2.667847 -784.126099 0.000000 -0.869389 0.000000 -0.494129 177.363480 177.363480 177.363480
-3633.928955 1.319580 56.945251 0.000000 0.470025 0.000000 0.882653 107.824257 107.824257 107.824257
-2664.549561 2.567077 -625.464233 0.000000 -0.306102 0.000000 0.951999 54.797558 54.797558 54.797558
-2741.232666 2.544556 -743.196411 0.000000 -0.388147 0.000000 0.921597 26.846786 26.846786 26.846786
-2723.420166 1.933716 -795.065186 0.000000 0.552676 0.000000 0.833396 12.157007 12.157007 12.157007
-2771.234131 0.277954 -840.760986 0.000000 0.787159 0.000000 0.616750 33.863346 33.863346 33.863346
-2741.750732 1.329468 -1077.448242 0.000000 0.508294 0.000000 0.861183 249.269562 249.269562 249.269562
-2793.218018 2.212097 -1249.913452 0.000000 -0.487440 0.000000 0.873157 42.878284 42.878284 42.878284
-2731.684326 1.966888 -1225.782104 0.000000 -0.382910 0.000000 0.923786 17.486780 17.486780 17.486780
-2462.034912 1.785431 -1354.234863 0.000000 0.724321 0.000000 -0.689462 131.273773 131.273773 131.273773
-2211.025146 -0.601563 -286.029846 0.000000 -0.505611 0.000000 0.862761 12.948340 12.948340 12.948340
-2193.982666 1.720093 -234.737610 0.000000 -0.390340 0.000000 0.920671 14.986742 14.986742 14.986742
-2294.555420 3.147705 -23.999329 0.000000 0.764641 0.000000 0.644457 37.347836 37.347836 37.347836
1014.363892 1.828979 1738.556885 0.000000 0.000000 0.000000 1.000000 13.597681 13.597681 13.597681
1003.131470 1.447876 1756.514404 0.000000 0.000000 0.000000 1.000000 16.867504 16.867504 16.867504
902.783936 1.114136 2295.604004 0.000000 0.129518 0.000000 0.991577 74.994141 74.994141 74.994141
942.701904 2.815552 2375.193848 0.000000 0.268044 0.000000 0.963407 41.354877 41.354877 41.354877
913.696533 1.992309 2462.319824 0.000000 0.000000 0.000000 1.000000 69.575478 69.575478 69.575478
810.467041 3.551391 2448.611328 0.000000 0.031916 0.000000 0.999491 17.367628 17.367628 17.367628
782.616943 3.118042 2399.125000 0.000000 0.000000 0.000000 1.000000 26.467236 26.467236 26.467236
-456.719513 1.328003 2476.250488 0.000000 -0.296966 0.000000 0.954888 87.533684 87.533684 87.533684
-504.054962 0.522095 2669.210938 0.000000 0.000000 0.000000 1.000000 21.720558 21.720558 21.720558
-658.701904 1.467163 2638.061523 0.000000 0.000000 0.000000 1.000000 17.085489 17.085489 17.085489
-720.078369 0.484009 2758.176758 0.000000 0.718749 0.000000 0.695269 14.763051 14.763051 14.763051
-92.831818 0.967651 2430.168945 0.000000 0.000000 0.000000 1.000000 30.448444 30.448444 30.448444
916.670166 3.867554 1977.552124 0.000000 0.000000 0.000000 1.000000 20.891075 20.891075 20.891075
-957.398193 -0.510132 2862.821289 0.000000 -0.536654 0.000000 0.843802 14.258399 14.258399 14.258399
-2925.767822 1.388855 -1222.362427 0.000000 -0.328703 0.000000 0.944433 23.839737 23.839737 23.839737
374.528046 7.183960 1146.245850 0.000000 0.000000 0.000000 1.000000 14.788667 14.788667 14.788667
796.250732 -2.369263 1004.997803 0.000000 0.024839 0.000000 0.999691 17.378372 17.378372 17.378372
1995.794556 2.456665 2636.404785 0.000000 -0.363602 0.000000 0.931554 18.825226 18.825226 18.825226
2018.321655 0.607300 2659.849609 0.000000 -0.396400 0.000000 0.918078 11.847950 11.847950 11.847950
2067.044678 2.655395 2604.551758 0.000000 0.950380 0.000000 0.311091 31.192902 31.192902 31.192902
2244.892822 0.343139 2399.386230 0.000000 0.000000 0.000000 1.000000 38.677910 38.677910 38.677910
2274.614014 0.304565 2472.893555 0.000000 0.000000 0.000000 1.000000 7.177466 7.177466 7.177466
-2290.544189 1.948700 -933.475098 0.000000 0.623815 0.000000 0.781572 18.360310 18.360310 18.360310
-2368.626709 1.719665 -859.759766 0.000000 0.661723 0.000000 0.749749 33.645031 33.645031 33.645031
-2381.565186 2.318817 -929.499512 0.000000 0.674957 0.000000 0.737858 19.814768 19.814768 19.814768
-2423.990479 3.823700 -931.924072 0.000000 0.986029 0.000000 0.166574 31.194481 31.194481 31.194481
-2731.025635 2.607429 -1371.732544 0.000000 -0.805436 0.000000 -0.592683 35.106949 35.106949 35.106949
-2888.736084 1.782257 -1352.756714 0.000000 -0.283123 0.000000 0.959084 21.455765 21.455765 21.455765
1275.054321 1.957641 2380.847656 0.000000 0.211048 0.000000 0.977476 20.344507 20.344507 20.344507
1174.653931 2.365600 2350.934082 0.000000 0.000000 0.000000 1.000000 18.935871 18.935871 18.935871
-3955.624756 0.732056 2136.549316 0.000000 -0.473724 0.000000 0.880673 26.394499 26.394499 26.394499
-2462.278076 1.093994 -48.468079 0.000000 0.315616 0.000000 0.948887 29.233130 29.233130 29.233130
1572.622681 0.601440 282.348083 0.000000 -0.921291 0.000000 0.388874 7.057643 7.057643 7.057643
1489.958130 4.370483 703.171509 0.000000 -0.235202 0.000000 0.971946 6.774976 6.774976 6.774976
1344.241821 3.573120 803.477295 0.000000 -0.847777 0.000000 0.530353 12.661890 12.661890 12.661890
1487.247681 7.709351 744.486572 0.000000 -0.700997 0.000000 0.713164 12.189238 12.189238 12.189238
1494.956665 -0.944703 723.090576 0.000000 -0.584652 0.000000 0.811284 14.198440 14.198440 14.198440
1369.406372 5.223511 850.019897 0.000000 -0.712054 0.000000 0.702125 5.400408 5.400408 5.400408
1158.473267 -0.581665 448.286560 0.000000 -0.751466 0.000000 0.659772 17.693163 17.693163 17.693163
2521.785889 2.212707 -834.394531 0.000000 -0.857314 0.000000 0.514794 11.584181 11.584181 11.584181
2736.928467 2.092407 -266.385803 0.000000 -0.310689 0.000000 0.950512 9.961429 9.961429 9.961429
1558.351685 0.637085 -1004.049316 0.000000 -0.259213 0.000000 0.965820 7.997015 7.997015 7.997015
1379.390259 4.803833 919.248413 0.000000 -0.799017 0.000000 0.601308 6.668245 6.668245 6.668245
1476.224731 0.289429 672.168091 0.000000 0.048687 0.000000 0.998814 6.695700 6.695700 6.695700
1153.039185 2.036621 480.408386 0.000000 -0.707583 0.000000 0.706630 9.022265 9.022265 9.022265
3823.569092 3.469757 -969.344604 0.000000 -0.544306 0.000000 0.838887 10.903702 10.903702 10.903702
3522.601318 3.606018 -830.498901 0.000000 0.000000 0.000000 1.000000 9.257505 9.257505 9.257505
4055.469971 3.341034 -1031.710449 0.000000 0.451336 0.000000 0.892354 5.503066 5.503066 5.503066
3430.359131 9.711700 -949.462891 0.000000 0.904726 0.000000 0.425993 10.110320 10.110320 10.110320
2524.071045 3.134735 -834.978027 0.000000 -0.751908 0.000000 0.659267 13.158237 13.158237 13.158237
2576.576904 2.931885 -882.446045 0.000000 -0.534232 0.000000 0.845338 16.552591 16.552591 16.552591
"}
